Total,Delayed,Cancelled,Problematic,PathName
1706,366,28,394,ABE->ATL
2,0,0,0,ABE->BHM
1610,174,26,200,ABE->CLE
930,106,14,120,ABE->CLT
494,32,6,38,ABE->CVG
1994,304,52,356,ABE->DTW
6,6,0,6,ABE->JFK
18,16,0,16,ABE->LGA
2850,728,178,906,ABE->ORD
4,2,0,2,ABE->PHL
5320,586,86,672,ABI->DFW
736,206,0,206,ABQ->AMA
2134,258,12,270,ABQ->ATL
866,138,12,150,ABQ->AUS
1092,144,2,146,ABQ->BWI
24,2,0,2,ABQ->CLE
520,64,0,64,ABQ->CVG
6156,938,20,958,ABQ->DAL
8636,1192,68,1260,ABQ->DEN
5776,916,170,1086,ABQ->DFW
1598,308,0,308,ABQ->ELP
334,56,4,60,ABQ->EWR
2022,316,34,350,ABQ->HOU
730,86,6,92,ABQ->IAD
4522,762,76,838,ABQ->IAH
4804,870,34,904,ABQ->LAS
4790,1136,14,1150,ABQ->LAX
732,110,0,110,ABQ->LBB
734,222,4,226,ABQ->MAF
1340,218,2,220,ABQ->MCI
1460,162,2,164,ABQ->MCO
1460,132,8,140,ABQ->MDW
1354,186,4,190,ABQ->MSP
2032,328,12,340,ABQ->OAK
458,102,0,102,ABQ->OKC
892,136,2,138,ABQ->ONT
1502,394,42,436,ABQ->ORD
732,216,6,222,ABQ->PDX
10530,1656,84,1740,ABQ->PHX
2068,358,8,366,ABQ->SAN
848,102,0,102,ABQ->SAT
1442,330,4,334,ABQ->SEA
1060,122,12,134,ABQ->SFO
4614,552,20,572,ABQ->SLC
932,168,2,170,ABQ->SMF
732,32,2,34,ABQ->STL
732,96,0,96,ABQ->TPA
460,60,0,60,ABQ->TUL
1438,332,0,332,ABQ->TUS
2190,448,34,482,ABY->ATL
468,164,40,204,ACK->EWR
446,150,36,186,ACK->JFK
3986,492,148,640,ACT->DFW
724,84,28,112,ACV->CEC
4,0,0,0,ACV->MRY
4686,1468,132,1600,ACV->SFO
2,0,0,0,ACV->SJC
776,52,20,72,ACV->SLC
1236,172,76,248,ACV->SMF
226,24,6,30,ACY->ATL
2,0,0,0,ACY->JFK
4,4,0,4,ACY->LGA
204,44,20,64,ADK->ANC
1412,240,86,326,ADQ->ANC
1966,496,42,538,AEX->ATL
2010,304,82,386,AEX->DFW
684,134,24,158,AEX->IAH
4760,1092,88,1180,AGS->ATL
32,10,0,10,AGS->CLT
14,6,0,6,AGS->LGA
156,64,4,68,AKN->ANC
76,42,0,42,AKN->DLG
2308,790,38,828,ALB->ATL
2,2,0,2,ALB->BOS
4594,714,34,748,ALB->BWI
2226,556,44,600,ALB->CLE
1912,320,56,376,ALB->CLT
1828,258,34,292,ALB->CVG
654,46,24,70,ALB->DCA
2026,390,18,408,ALB->DTW
1222,428,56,484,ALB->EWR
120,20,2,22,ALB->FLL
734,284,42,326,ALB->JFK
732,142,4,146,ALB->LAS
2074,316,26,342,ALB->MCO
1460,164,10,174,ALB->MDW
114,18,10,28,ALB->MSP
3260,784,94,878,ALB->ORD
898,160,30,190,ALB->PHL
2,0,0,0,ALB->SBN
782,66,4,70,ALB->TPA
646,54,110,164,ALO->MSP
732,20,2,22,AMA->ABQ
5338,730,82,812,AMA->DAL
1458,190,4,194,AMA->DEN
5112,964,134,1098,AMA->DFW
1618,242,34,276,AMA->IAH
732,132,0,132,AMA->LAS
2,2,0,2,AMA->TUL
204,58,20,78,ANC->ADK
1412,144,78,222,ANC->ADQ
232,70,4,74,ANC->AKN
230,60,2,62,ANC->ATL
2070,344,52,396,ANC->BET
724,226,2,228,ANC->CDV
180,54,0,54,ANC->CVG
902,168,10,178,ANC->DEN
306,96,4,100,ANC->DFW
156,14,8,22,ANC->DLG
192,28,0,28,ANC->DTW
6434,1012,76,1088,ANC->FAI
472,90,0,90,ANC->HNL
414,116,0,116,ANC->IAH
2326,482,4,486,ANC->JNU
474,94,6,100,ANC->LAS
476,72,4,76,ANC->LAX
1652,316,0,316,ANC->MSP
54,6,0,6,ANC->OGG
730,114,14,128,ANC->OME
1122,224,12,236,ANC->ORD
1450,202,18,220,ANC->OTZ
1152,156,4,160,ANC->PDX
732,142,6,148,ANC->PHX
726,132,10,142,ANC->SCC
12514,2074,188,2262,ANC->SEA
362,90,10,100,ANC->SFO
956,80,4,84,ANC->SLC
32,8,4,12,ASE->ATL
7984,1642,664,2306,ASE->DEN
2,0,2,2,ASE->GJT
668,214,54,268,ASE->LAX
2,0,0,0,ASE->MSN
664,290,94,384,ASE->ORD
218,28,50,78,ASE->PHX
2,0,0,0,ASE->RFD
124,58,16,74,ASE->SFO
918,212,88,300,ASE->SLC
1704,380,16,396,ATL->ABE
2128,570,12,582,ATL->ABQ
2190,554,28,582,ATL->ABY
226,48,6,54,ATL->ACY
1964,444,40,484,ATL->AEX
4762,1126,80,1206,ATL->AGS
2306,700,28,728,ATL->ALB
230,74,0,74,ATL->ANC
32,14,0,14,ATL->ASE
1484,370,26,396,ATL->ATW
4510,1330,68,1398,ATL->AUS
3872,862,50,912,ATL->AVL
1168,342,24,366,ATL->AVP
4280,796,60,856,ATL->BDL
540,182,18,200,ATL->BGR
5742,1290,86,1376,ATL->BHM
5018,1184,82,1266,ATL->BMI
6192,1368,96,1464,ATL->BNA
82,38,0,38,ATL->BOI
11980,2830,148,2978,ATL->BOS
1848,408,26,434,ATL->BQK
5330,1442,86,1528,ATL->BTR
1000,286,10,296,ATL->BTV
7156,1542,124,1666,ATL->BUF
11956,2690,90,2780,ATL->BWI
120,32,2,34,ATL->BZN
4988,1222,62,1284,ATL->CAE
7804,1754,102,1856,ATL->CAK
4164,1008,84,1092,ATL->CHA
1572,346,30,376,ATL->CHO
8984,1864,144,2008,ATL->CHS
714,138,12,150,ATL->CID
5730,1464,140,1604,ATL->CLE
13440,3352,272,3624,ATL->CLT
3592,860,62,922,ATL->CMH
1178,424,10,434,ATL->COS
10,2,0,2,ATL->CRP
2860,570,28,598,ATL->CRW
2962,756,58,814,ATL->CSG
5620,1270,82,1352,ATL->CVG
4826,1110,72,1182,ATL->DAB
8744,1824,112,1936,ATL->DAY
14578,2760,330,3090,ATL->DCA
11452,2838,56,2894,ATL->DEN
19694,4788,398,5186,ATL->DFW
2794,702,32,734,ATL->DHN
2228,534,18,552,ATL->DSM
11224,2454,108,2562,ATL->DTW
220,26,0,26,ATL->EGE
1150,280,8,288,ATL->ELP
2300,526,50,576,ATL->EVV
1582,298,20,318,ATL->EWN
16056,5402,446,5848,ATL->EWR
1948,662,26,688,ATL->EYW
4346,1064,54,1118,ATL->FAY
50,12,0,12,ATL->FCA
15330,3678,34,3712,ATL->FLL
1228,238,18,256,ATL->FLO
6264,1404,72,1476,ATL->FNT
270,76,2,78,ATL->FSD
1264,276,12,288,ATL->FSM
2056,502,28,530,ATL->FWA
4128,862,68,930,ATL->GNV
6882,1536,110,1646,ATL->GPT
186,66,4,70,ATL->GRB
1284,272,14,286,ATL->GRK
2704,604,34,638,ATL->GRR
5732,1466,118,1584,ATL->GSO
4900,1038,128,1166,ATL->GSP
1928,370,32,402,ATL->GTR
4,4,0,4,ATL->GUC
214,58,0,58,ATL->HDN
1672,468,52,520,ATL->HHH
1274,436,0,436,ATL->HNL
7186,1618,164,1782,ATL->HOU
4310,896,86,982,ATL->HPN
5254,1130,50,1180,ATL->HSV
10618,2308,256,2564,ATL->IAD
10536,2420,212,2632,ATL->IAH
6292,1578,62,1640,ATL->ICT
3992,976,44,1020,ATL->ILM
7034,1620,50,1670,ATL->IND
428,110,12,122,ATL->ISP
236,60,4,64,ATL->JAC
5388,1308,78,1386,ATL->JAN
11312,2130,122,2252,ATL->JAX
3830,1444,32,1476,ATL->JFK
9532,2864,26,2890,ATL->LAS
1088,212,4,216,ATL->LAW
10812,3604,30,3634,ATL->LAX
4426,1006,88,1094,ATL->LEX
1990,448,24,472,ATL->LFT
21012,6774,820,7594,ATL->LGA
5054,1282,66,1348,ATL->LIT
370,52,0,52,ATL->LWB
1250,252,18,270,ATL->LYH
8280,1856,54,1910,ATL->MCI
1304,316,32,348,ATL->MCN
19226,4418,64,4482,ATL->MCO
3578,858,36,894,ATL->MDT
6512,1668,98,1766,ATL->MDW
1348,236,18,254,ATL->MEI
9732,2094,176,2270,ATL->MEM
18,6,0,6,ATL->MFE
5026,1066,36,1102,ATL->MGM
1390,470,28,498,ATL->MHT
13256,2886,144,3030,ATL->MIA
7220,1594,144,1738,ATL->MKE
4000,1016,74,1090,ATL->MLB
5180,1268,72,1340,ATL->MLI
1966,462,34,496,ATL->MLU
4448,1028,80,1108,ATL->MOB
768,178,18,196,ATL->MSN
10736,2456,78,2534,ATL->MSP
9390,1970,174,2144,ATL->MSY
74,22,2,24,ATL->MTJ
3706,1102,80,1182,ATL->MYR
2356,520,36,556,ATL->OAJ
180,52,0,52,ATL->OAK
3766,1102,40,1142,ATL->OKC
3460,970,30,1000,ATL->OMA
1592,472,8,480,ATL->ONT
15354,4392,582,4974,ATL->ORD
5568,1376,70,1446,ATL->ORF
8526,2118,30,2148,ATL->PBI
2190,584,16,600,ATL->PDX
5096,1344,92,1436,ATL->PFN
8316,1748,116,1864,ATL->PHF
13830,3458,234,3692,ATL->PHL
9206,2404,62,2466,ATL->PHX
1244,322,24,346,ATL->PIA
9110,1972,96,2068,ATL->PIT
8858,1906,110,2016,ATL->PNS
2778,798,42,840,ATL->PVD
1808,554,32,586,ATL->PWM
10822,2228,90,2318,ATL->RDU
9064,1772,122,1894,ATL->RIC
334,108,2,110,ATL->RNO
3464,658,68,726,ATL->ROA
4978,1236,70,1306,ATL->ROC
8386,1686,40,1726,ATL->RSW
5714,1724,20,1744,ATL->SAN
6478,1786,44,1830,ATL->SAT
7784,1492,130,1622,ATL->SAV
2076,476,46,522,ATL->SBN
242,40,10,50,ATL->SCE
5508,1366,88,1454,ATL->SDF
5148,1402,10,1412,ATL->SEA
6924,2222,24,2246,ATL->SFO
2342,498,32,530,ATL->SGF
3632,850,32,882,ATL->SHV
1280,434,2,436,ATL->SJC
3748,792,8,800,ATL->SJU
5720,1616,18,1634,ATL->SLC
1364,420,4,424,ATL->SMF
2922,738,18,756,ATL->SNA
6652,1538,64,1602,ATL->SRQ
7916,1934,116,2050,ATL->STL
902,174,4,178,ATL->STT
134,60,2,62,ATL->STX
3234,748,26,774,ATL->SWF
2838,794,38,832,ATL->SYR
4968,1170,54,1224,ATL->TLH
238,42,8,50,ATL->TOL
14622,3148,82,3230,ATL->TPA
3618,752,82,834,ATL->TRI
3962,1094,28,1122,ATL->TUL
18,0,0,0,ATL->TUP
1336,450,6,456,ATL->TUS
4856,1130,64,1194,ATL->TYS
1876,452,30,482,ATL->VLD
6092,1846,82,1928,ATL->VPS
3538,816,38,854,ATL->XNA
1486,382,46,428,ATW->ATL
2,0,0,0,ATW->CHS
1394,304,40,344,ATW->CVG
2,2,0,2,ATW->DSM
2040,262,68,330,ATW->DTW
2064,264,66,330,ATW->MKE
180,30,4,34,ATW->MSP
4576,1144,398,1542,ATW->ORD
2,0,0,0,ATW->XNA
870,122,6,128,AUS->ABQ
4504,1192,58,1250,AUS->ATL
1584,208,0,208,AUS->BNA
736,130,6,136,AUS->BOS
1460,172,0,172,AUS->BWI
760,126,6,132,AUS->CLE
1318,218,12,230,AUS->CLT
1306,228,20,248,AUS->CVG
11146,1650,248,1898,AUS->DAL
5346,870,28,898,AUS->DEN
11012,1924,312,2236,AUS->DFW
2,2,0,2,AUS->DSM
2,0,0,0,AUS->DTW
2698,432,0,432,AUS->ELP
1898,562,16,578,AUS->EWR
962,76,4,80,AUS->FLL
4638,766,84,850,AUS->HOU
734,110,12,122,AUS->HRL
1340,288,34,322,AUS->IAD
7382,1238,108,1346,AUS->IAH
436,36,8,44,AUS->IND
452,102,2,104,AUS->JAX
2716,770,60,830,AUS->JFK
2462,378,6,384,AUS->LAS
3466,576,30,606,AUS->LAX
1384,216,2,218,AUS->LBB
490,120,6,126,AUS->LGB
940,158,0,158,AUS->MAF
918,128,24,152,AUS->MCI
1264,184,0,184,AUS->MCO
1424,210,4,214,AUS->MDW
1668,206,46,252,AUS->MEM
110,26,0,26,AUS->MSP
888,152,2,154,AUS->MSY
472,126,0,126,AUS->OAK
176,56,0,56,AUS->OKC
610,110,0,110,AUS->ONT
5028,1138,186,1324,AUS->ORD
2,0,2,2,AUS->ORF
580,48,2,50,AUS->PHL
5566,816,30,846,AUS->PHX
462,62,4,66,AUS->RDU
1438,238,0,238,AUS->SAN
298,80,2,82,AUS->SEA
1220,230,10,240,AUS->SFO
1936,302,62,364,AUS->SJC
1096,68,4,72,AUS->SLC
490,42,4,46,AUS->SNA
190,30,14,44,AUS->STL
734,148,0,148,AUS->TPA
176,14,0,14,AUS->TUL
456,58,0,58,AUS->TUS
3872,682,64,746,AVL->ATL
334,26,6,32,AVL->CVG
1536,214,26,240,AVL->DTW
1316,528,78,606,AVL->EWR
918,190,12,202,AVL->IAH
94,14,0,14,AVL->MCO
728,78,14,92,AVL->MSP
1172,320,32,352,AVP->ATL
712,72,16,88,AVP->CVG
1444,216,38,254,AVP->DTW
2,0,2,2,AVP->HPN
4,0,0,0,AVP->JFK
6,6,0,6,AVP->LGA
1432,440,108,548,AVP->ORD
296,20,8,28,AZO->CVG
2354,338,132,470,AZO->DTW
2,2,0,2,AZO->FAR
490,58,54,112,AZO->MSP
4704,1040,434,1474,AZO->ORD
2,2,0,2,AZO->XNA
4282,1072,66,1138,BDL->ATL
732,140,0,140,BDL->BNA
5760,854,36,890,BDL->BWI
1088,202,10,212,BDL->CLE
3668,652,88,740,BDL->CLT
2374,362,30,392,BDL->CVG
2364,130,74,204,BDL->DCA
428,92,0,92,BDL->DEN
2130,664,40,704,BDL->DFW
3032,490,36,526,BDL->DTW
1532,488,84,572,BDL->EWR
1092,314,8,322,BDL->FLL
2,0,0,0,BDL->GRB
2794,560,114,674,BDL->IAD
240,24,0,24,BDL->IAH
1170,138,28,166,BDL->IND
1204,278,76,354,BDL->JFK
732,90,0,90,BDL->LAS
264,108,0,108,BDL->LAX
3510,576,16,592,BDL->MCO
2056,312,18,330,BDL->MDW
96,6,0,6,BDL->MEM
732,144,4,148,BDL->MIA
1072,208,26,234,BDL->MKE
1972,314,2,316,BDL->MSP
6262,1518,276,1794,BDL->ORD
746,136,2,138,BDL->PBI
1042,212,34,246,BDL->PHL
670,126,2,128,BDL->PHX
2300,398,74,472,BDL->RDU
268,86,2,88,BDL->RSW
732,150,4,154,BDL->SJU
2552,482,24,506,BDL->TPA
2070,402,56,458,BET->ANC
1066,194,10,204,BFL->DEN
2,0,0,0,BFL->FAT
204,40,4,44,BFL->LAS
1812,144,14,158,BFL->LAX
2388,216,30,246,BFL->PHX
450,42,6,48,BFL->SAN
1886,382,38,420,BFL->SFO
742,30,0,30,BFL->SLC
454,10,2,12,BFL->SMF
1456,216,56,272,BGM->DTW
540,196,22,218,BGR->ATL
1586,334,56,390,BGR->BOS
2,2,0,2,BGR->BTV
258,66,4,70,BGR->CVG
1602,264,40,304,BGR->DTW
1072,414,44,458,BGR->EWR
676,210,18,228,BGR->JFK
22,4,0,4,BGR->MSP
5752,1174,84,1258,BHM->ATL
2,2,0,2,BHM->AUS
1392,166,2,168,BHM->BNA
2076,340,0,340,BHM->BWI
528,74,0,74,BHM->CLE
1572,344,58,402,BHM->CLT
1196,208,10,218,BHM->CVG
2148,320,4,324,BHM->DAL
1332,364,14,378,BHM->DEN
2574,512,62,574,BHM->DFW
1784,282,46,328,BHM->DTW
1336,414,50,464,BHM->EWR
1446,262,26,288,BHM->HOU
2,0,0,0,BHM->HSV
490,124,10,134,BHM->IAD
4690,836,72,908,BHM->IAH
732,130,4,134,BHM->JAX
2,2,0,2,BHM->JFK
732,116,0,116,BHM->LAS
1680,486,104,590,BHM->LGA
2392,254,10,264,BHM->MCO
1418,174,8,182,BHM->MDW
1772,272,30,302,BHM->MEM
2,0,0,0,BHM->MKE
2016,356,26,382,BHM->MSY
2994,1196,146,1342,BHM->ORD
732,84,0,84,BHM->PHX
318,18,4,22,BHM->RDU
1358,206,0,206,BHM->SDF
16,14,0,14,BHM->SLC
732,54,0,54,BHM->STL
2142,460,0,460,BHM->TPA
3256,444,44,488,BIL->DEN
2,0,0,0,BIL->GTF
1640,112,4,116,BIL->MSP
206,58,2,60,BIL->ORD
6,0,0,0,BIL->PIH
3900,286,32,318,BIL->SLC
2478,364,30,394,BIS->DEN
2104,312,52,364,BIS->MSP
4,0,0,0,BIS->RAP
148,12,2,14,BJI->MSP
240,8,2,10,BLI->SLC
5022,1142,102,1244,BMI->ATL
120,46,4,50,BMI->DFW
100,4,0,4,BMI->LAS
346,58,0,58,BMI->MCO
4014,914,344,1258,BMI->ORD
6194,1330,98,1428,BNA->ATL
1590,414,0,414,BNA->AUS
730,156,0,156,BNA->BDL
1376,256,0,256,BNA->BHM
156,64,2,66,BNA->BOS
5004,822,10,832,BNA->BWI
2,2,0,2,BNA->CID
2294,452,18,470,BNA->CLE
4254,484,52,536,BNA->CLT
1354,266,4,270,BNA->CMH
2,0,0,0,BNA->COS
1538,196,26,222,BNA->CVG
2806,456,74,530,BNA->DCA
5058,1054,14,1068,BNA->DEN
5718,928,156,1084,BNA->DFW
5416,922,46,968,BNA->DTW
3672,1128,164,1292,BNA->EWR
1476,326,0,326,BNA->FLL
4,2,0,2,BNA->FSD
3008,608,52,660,BNA->HOU
836,288,18,306,BNA->IAD
5044,882,90,972,BNA->IAH
2764,540,12,552,BNA->JAX
1046,206,44,250,BNA->JFK
2404,440,4,444,BNA->LAS
2800,654,18,672,BNA->LAX
2432,798,80,878,BNA->LGA
2604,502,4,506,BNA->MCI
3596,618,12,630,BNA->MCO
5986,1038,58,1096,BNA->MDW
2040,324,44,368,BNA->MEM
1462,172,14,186,BNA->MIA
1544,264,32,296,BNA->MKE
1570,226,22,248,BNA->MSP
2024,380,24,404,BNA->MSY
726,204,0,204,BNA->OAK
730,196,0,196,BNA->ONT
7450,2178,306,2484,BNA->ORD
472,82,0,82,BNA->ORF
1960,492,4,496,BNA->PHL
2248,418,2,420,BNA->PHX
732,156,0,156,BNA->PVD
3246,696,2,698,BNA->RDU
1442,280,8,288,BNA->SAN
1354,316,2,318,BNA->SAT
728,208,2,210,BNA->SEA
230,56,4,60,BNA->SLC
516,82,50,132,BNA->STL
3440,592,10,602,BNA->TPA
82,2,0,2,BOI->ATL
2,0,0,0,BOI->ATW
4128,620,24,644,BOI->DEN
2084,338,22,360,BOI->GEG
2,0,0,0,BOI->GJT
1512,166,4,170,BOI->LAS
2002,372,12,384,BOI->LAX
1614,254,0,254,BOI->MSP
1332,124,6,130,BOI->OAK
942,148,4,152,BOI->ONT
1574,354,28,382,BOI->ORD
2054,260,22,282,BOI->PDX
1358,120,6,126,BOI->PHX
2,2,0,2,BOI->PIT
2058,264,8,272,BOI->RNO
950,210,4,214,BOI->SAN
2160,320,10,330,BOI->SEA
3508,908,68,976,BOI->SFO
6684,622,22,644,BOI->SLC
2,2,0,2,BOS->ACK
11964,2796,158,2954,BOS->ATL
736,142,4,146,BOS->AUS
1588,416,44,460,BOS->BGR
4,4,0,4,BOS->BNA
2,0,0,0,BOS->BTV
1458,348,42,390,BOS->BUF
9594,1892,294,2186,BOS->BWI
934,230,10,240,BOS->CAK
312,54,2,56,BOS->CHS
2724,502,44,546,BOS->CLE
7066,1468,114,1582,BOS->CLT
1832,484,26,510,BOS->CMH
3874,662,102,764,BOS->CVG
17798,2430,550,2980,BOS->DCA
4154,1134,90,1224,BOS->DEN
6072,1268,242,1510,BOS->DFW
4612,856,96,952,BOS->DTW
7766,2920,278,3198,BOS->EWR
4952,1400,72,1472,BOS->FLL
2,0,0,0,BOS->GGG
282,120,8,128,BOS->GSO
8368,1724,264,1988,BOS->IAD
3600,988,44,1032,BOS->IAH
1900,362,88,450,BOS->IND
1294,338,26,364,BOS->JAX
14744,4328,668,4996,BOS->JFK
2766,612,24,636,BOS->LAS
4468,1426,46,1472,BOS->LAX
24058,4616,1644,6260,BOS->LGA
1576,406,16,422,BOS->LGB
6948,1696,80,1776,BOS->MCO
688,124,6,130,BOS->MDW
400,70,12,82,BOS->MEM
4392,1228,56,1284,BOS->MIA
418,122,0,122,BOS->MKE
3270,550,24,574,BOS->MSP
508,104,16,120,BOS->MSY
90,22,0,22,BOS->MYR
1032,228,14,242,BOS->OAK
14170,3548,692,4240,BOS->ORD
486,144,12,156,BOS->ORF
3486,836,52,888,BOS->PBI
732,204,8,212,BOS->PDX
1430,276,10,286,BOS->PHF
12750,2794,762,3556,BOS->PHL
2138,576,16,592,BOS->PHX
1182,302,32,334,BOS->PIT
7554,1640,180,1820,BOS->RDU
1378,376,24,400,BOS->RIC
3432,688,40,728,BOS->RSW
1216,426,12,438,BOS->SAN
178,52,4,56,BOS->SAV
160,54,2,56,BOS->SDF
1958,512,28,540,BOS->SEA
5336,1570,84,1654,BOS->SFO
512,86,4,90,BOS->SJC
2548,456,18,474,BOS->SJU
1414,294,6,300,BOS->SLC
46,18,0,18,BOS->SRQ
1730,216,68,284,BOS->STL
176,48,0,48,BOS->STT
3570,946,52,998,BOS->TPA
552,32,38,70,BPT->IAH
1850,274,38,312,BQK->ATL
732,90,2,92,BQN->EWR
1322,184,8,192,BQN->JFK
984,136,8,144,BQN->MCO
2928,424,108,532,BRO->IAH
728,184,20,204,BRW->ANC
728,258,14,272,BRW->FAI
1416,98,36,134,BTM->SLC
5326,1272,130,1402,BTR->ATL
4,0,0,0,BTR->CVG
258,66,2,68,BTR->DCA
2,2,0,2,BTR->DEN
5844,1362,222,1584,BTR->DFW
4018,802,180,982,BTR->IAH
1998,242,72,314,BTR->MEM
2,0,0,0,BTR->MSY
430,192,32,224,BTR->ORD
1000,272,14,286,BTV->ATL
1076,104,8,112,BTV->BWI
1228,256,14,270,BTV->CLE
306,74,6,80,BTV->CVG
1652,296,36,332,BTV->DTW
1758,822,76,898,BTV->EWR
258,64,10,74,BTV->IAD
2,0,0,0,BTV->IND
4414,1102,184,1286,BTV->JFK
692,110,4,114,BTV->MCO
150,16,2,18,BTV->MSP
1474,380,26,406,BTV->ORD
7150,1514,138,1652,BUF->ATL
1456,324,56,380,BUF->BOS
4878,844,58,902,BUF->BWI
1266,472,30,502,BUF->CLE
2870,376,40,416,BUF->CLT
320,44,6,50,BUF->CVG
624,50,10,60,BUF->DCA
186,38,4,42,BUF->DFW
3020,480,68,548,BUF->DTW
2938,918,150,1068,BUF->EWR
1344,204,8,212,BUF->FLL
32,8,4,12,BUF->IAD
7358,1852,230,2082,BUF->JFK
1178,192,8,200,BUF->LAS
3752,636,32,668,BUF->MCO
2552,332,30,362,BUF->MDW
454,100,0,100,BUF->MSP
6874,1678,290,1968,BUF->ORD
1370,268,32,300,BUF->PHL
730,144,2,146,BUF->PHX
752,180,14,194,BUF->RSW
1458,238,12,250,BUF->TPA
1888,178,54,232,BUR->DEN
2752,466,72,538,BUR->DFW
326,60,4,64,BUR->IAD
2732,566,32,598,BUR->JFK
10324,1474,110,1584,BUR->LAS
10846,1384,226,1610,BUR->OAK
120,10,8,18,BUR->PDX
9502,984,82,1066,BUR->PHX
2,0,0,0,BUR->PMD
2,0,0,0,BUR->PSP
2,0,0,0,BUR->RNO
2780,462,24,486,BUR->SEA
4516,1194,214,1408,BUR->SFO
6754,912,132,1044,BUR->SJC
3346,406,10,416,BUR->SLC
6916,894,102,996,BUR->SMF
2,2,0,2,BUR->TUS
1098,242,0,242,BWI->ABQ
4592,794,28,822,BWI->ALB
11944,2384,110,2494,BWI->ATL
1456,290,0,290,BWI->AUS
5726,1066,18,1084,BWI->BDL
2074,354,4,358,BWI->BHM
4984,950,16,966,BWI->BNA
9590,1948,264,2212,BWI->BOS
1078,154,8,162,BWI->BTV
4874,940,56,996,BWI->BUF
5086,888,50,938,BWI->CLE
7304,1400,80,1480,BWI->CLT
3366,616,16,632,BWI->CMH
2456,420,44,464,BWI->CVG
64,16,4,20,BWI->DAB
1964,364,10,374,BWI->DAY
5328,1444,42,1486,BWI->DEN
4622,914,100,1014,BWI->DFW
6210,1090,44,1134,BWI->DTW
1014,378,36,414,BWI->EWR
5420,1082,6,1088,BWI->FLL
2,0,0,0,BWI->GRR
2524,580,78,658,BWI->HOU
3456,600,38,638,BWI->IAH
2032,338,4,342,BWI->IND
4854,790,18,808,BWI->ISP
1328,238,4,242,BWI->JAN
2116,358,4,362,BWI->JAX
2268,882,152,1034,BWI->JFK
3252,634,20,654,BWI->LAS
1796,514,26,540,BWI->LAX
14,12,0,12,BWI->LGA
732,120,0,120,BWI->LIT
2050,400,4,404,BWI->MCI
9852,1720,84,1804,BWI->MCO
5618,890,52,942,BWI->MDW
1654,298,36,334,BWI->MEM
7266,1280,36,1316,BWI->MHT
1858,400,14,414,BWI->MIA
2580,530,42,572,BWI->MKE
1948,350,10,360,BWI->MSP
784,136,10,146,BWI->MSY
732,214,2,216,BWI->OKC
7090,1664,238,1902,BWI->ORD
3366,686,4,690,BWI->ORF
2702,500,2,502,BWI->PBI
1384,276,28,304,BWI->PHL
4196,862,12,874,BWI->PHX
2128,372,0,372,BWI->PIT
7976,1320,26,1346,BWI->PVD
1990,288,14,302,BWI->PWM
4164,810,0,810,BWI->RDU
1726,356,20,376,BWI->ROC
2672,476,8,484,BWI->RSW
1442,364,2,366,BWI->SAN
1458,266,0,266,BWI->SAT
2,0,0,0,BWI->SAV
2948,508,12,520,BWI->SDF
484,114,0,114,BWI->SEA
732,162,10,172,BWI->SFO
638,100,6,106,BWI->SJU
1454,250,0,250,BWI->SLC
490,100,0,100,BWI->SRQ
3364,746,12,758,BWI->STL
6776,1308,40,1348,BWI->TPA
120,40,4,44,BZN->ATL
2,2,0,2,BZN->BTM
2586,532,30,562,BZN->DEN
38,0,0,0,BZN->DTW
2,0,0,0,BZN->IDA
26,6,0,6,BZN->LAX
1756,246,6,252,BZN->MSP
674,294,16,310,BZN->ORD
56,16,0,16,BZN->SFO
4058,408,28,436,BZN->SLC
5016,1136,82,1218,CAE->ATL
1854,164,32,196,CAE->CVG
2314,404,46,450,CAE->DFW
1426,196,44,240,CAE->DTW
1368,470,120,590,CAE->EWR
2772,700,154,854,CAE->IAD
328,54,4,58,CAE->IAH
1218,448,56,504,CAE->LGA
1412,240,50,290,CAE->MEM
3392,856,190,1046,CAE->ORD
7810,1878,116,1994,CAK->ATL
934,230,12,242,CAK->BOS
80,6,0,6,CAK->CVG
1558,240,8,248,CAK->DEN
2088,232,100,332,CAK->DTW
16,6,2,8,CAK->FLL
84,12,0,12,CAK->LAS
1586,530,30,560,CAK->LGA
742,118,4,122,CAK->MCO
2098,538,172,710,CAK->ORD
274,80,4,84,CAK->RSW
718,118,2,120,CAK->TPA
2,2,0,2,CDC->LAX
2,2,0,2,CDC->SGU
1332,128,24,152,CDC->SLC
726,142,20,162,CDV->ANC
724,184,14,198,CDV->YAK
720,228,18,246,CEC->ACV
1406,528,78,606,CEC->SFO
4172,834,90,924,CHA->ATL
264,18,4,22,CHA->CVG
852,154,10,164,CHA->DFW
144,18,2,20,CHA->DTW
918,122,8,130,CHA->IAH
1260,104,66,170,CHA->MEM
1532,322,90,412,CHA->ORD
1572,332,32,364,CHO->ATL
72,2,2,4,CHO->CVG
2,2,0,2,CHO->DCA
8988,1822,154,1976,CHS->ATL
312,108,8,116,CHS->BOS
300,24,0,24,CHS->CLE
2242,360,50,410,CHS->CLT
1572,330,24,354,CHS->CVG
2310,562,40,602,CHS->DFW
1512,206,24,230,CHS->DTW
2568,762,158,920,CHS->EWR
1424,338,84,422,CHS->IAD
146,18,2,20,CHS->IAH
4,0,0,0,CHS->JAX
2826,720,140,860,CHS->LGA
1428,206,32,238,CHS->MEM
54,14,0,14,CHS->MSP
2674,734,114,848,CHS->ORD
2,0,0,0,CHS->SAV
2,0,0,0,CIC->FAT
2,0,0,0,CIC->MRY
2780,662,58,720,CIC->SFO
714,176,30,206,CID->ATL
1748,210,46,256,CID->CVG
1596,424,34,458,CID->DEN
3794,694,126,820,CID->DFW
2,0,2,2,CID->DSM
1892,252,76,328,CID->DTW
312,82,22,104,CID->LGA
2,2,0,2,CID->MKE
832,140,50,190,CID->MSP
7862,2110,534,2644,CID->ORD
4518,526,60,586,CLD->LAX
88,6,10,16,CLD->PHX
1610,214,24,238,CLE->ABE
24,6,0,6,CLE->ABQ
2212,376,40,416,CLE->ALB
6230,1564,152,1716,CLE->ATL
760,228,10,238,CLE->AUS
1032,132,10,142,CLE->BDL
528,102,0,102,CLE->BHM
2256,502,24,526,CLE->BNA
2708,508,50,558,CLE->BOS
1226,210,12,222,CLE->BTV
1240,172,24,196,CLE->BUF
5124,878,56,934,CLE->BWI
300,18,0,18,CLE->CHS
3962,746,86,832,CLE->CLT
34,10,2,12,CLE->CMH
986,170,30,200,CLE->CVG
24,2,2,4,CLE->DAB
1738,372,28,400,CLE->DAY
1868,328,46,374,CLE->DCA
1952,384,26,410,CLE->DEN
3312,906,92,998,CLE->DFW
278,62,0,62,CLE->DSM
2718,418,60,478,CLE->DTW
4210,1232,46,1278,CLE->EWR
1236,130,12,142,CLE->FLL
2272,492,40,532,CLE->GRR
296,68,6,74,CLE->GSO
1020,218,8,226,CLE->GSP
2866,720,144,864,CLE->IAD
4302,762,44,806,CLE->IAH
284,60,10,70,CLE->IND
286,56,12,68,CLE->JAX
2784,776,162,938,CLE->JFK
3312,614,22,636,CLE->LAS
2100,542,8,550,CLE->LAX
30,2,0,2,CLE->LEX
5872,2112,306,2418,CLE->LGA
2460,580,32,612,CLE->MCI
3830,462,34,496,CLE->MCO
116,16,0,16,CLE->MDT
5122,930,86,1016,CLE->MDW
2422,364,54,418,CLE->MEM
2470,386,42,428,CLE->MHT
798,118,8,126,CLE->MIA
4452,912,128,1040,CLE->MKE
634,192,22,214,CLE->MSN
3386,596,62,658,CLE->MSP
108,16,2,18,CLE->MSY
64,8,0,8,CLE->OKC
860,166,12,178,CLE->OMA
9138,2468,410,2878,CLE->ORD
4,2,0,2,CLE->ORF
766,102,6,108,CLE->PBI
1348,308,24,332,CLE->PHL
2220,414,14,428,CLE->PHX
720,84,4,88,CLE->PVD
612,52,10,62,CLE->PWM
638,108,2,110,CLE->RDU
1810,364,22,386,CLE->RIC
1856,332,22,354,CLE->ROC
1190,146,12,158,CLE->RSW
170,66,2,68,CLE->SAN
464,152,6,158,CLE->SAT
642,64,6,70,CLE->SAV
1358,224,6,230,CLE->SDF
462,124,4,128,CLE->SEA
932,188,4,192,CLE->SFO
86,8,2,10,CLE->SJU
692,114,16,130,CLE->SLC
236,56,6,62,CLE->SRQ
2382,360,14,374,CLE->STL
1392,182,22,204,CLE->SYR
1748,196,18,214,CLE->TPA
20,0,0,0,CLE->TUL
990,176,10,186,CLE->TYS
2210,300,58,358,CLL->DFW
524,66,20,86,CLL->IAH
930,184,8,192,CLT->ABE
34,14,0,14,CLT->AGS
1956,334,44,378,CLT->ALB
13444,3118,260,3378,CLT->ATL
2,0,0,0,CLT->ATW
1320,366,4,370,CLT->AUS
3668,752,54,806,CLT->BDL
1574,354,58,412,CLT->BHM
4252,718,52,770,CLT->BNA
7102,1724,86,1810,CLT->BOS
2868,498,26,524,CLT->BUF
7368,1530,62,1592,CLT->BWI
2244,436,44,480,CLT->CHS
3942,926,82,1008,CLT->CLE
250,34,14,48,CLT->CMH
1754,392,34,426,CLT->CVG
46,8,2,10,CLT->DAB
5976,804,60,864,CLT->DCA
3850,892,20,912,CLT->DEN
7592,1682,144,1826,CLT->DFW
5402,946,60,1006,CLT->DTW
26,6,0,6,CLT->EGE
11906,4338,452,4790,CLT->EWR
190,58,2,60,CLT->FAY
6590,1502,14,1516,CLT->FLL
2,0,0,0,CLT->GRR
1970,496,72,568,CLT->GSO
26,4,0,4,CLT->HSV
6252,1522,212,1734,CLT->IAD
7422,1836,130,1966,CLT->IAH
2514,444,62,506,CLT->ILM
2460,380,26,406,CLT->IND
5048,808,40,848,CLT->JAX
3732,1236,174,1410,CLT->JFK
3468,872,24,896,CLT->LAS
2916,780,6,786,CLT->LAX
10678,3414,288,3702,CLT->LGA
78,14,6,20,CLT->LIT
2366,482,50,532,CLT->MCI
6554,1508,22,1530,CLT->MCO
2288,502,18,520,CLT->MDT
26,8,0,8,CLT->MDW
5156,1414,62,1476,CLT->MEM
1410,210,12,222,CLT->MHT
5940,1382,30,1412,CLT->MIA
486,162,12,174,CLT->MKE
3632,518,10,528,CLT->MSP
2932,462,32,494,CLT->MSY
4434,654,104,758,CLT->MYR
12,8,0,8,CLT->OAJ
11278,2960,310,3270,CLT->ORD
3086,490,66,556,CLT->ORF
3746,686,12,698,CLT->PBI
272,72,0,72,CLT->PDX
7050,1606,114,1720,CLT->PHL
4372,1162,18,1180,CLT->PHX
4698,854,38,892,CLT->PIT
742,142,40,182,CLT->PNS
2878,472,40,512,CLT->PVD
552,174,28,202,CLT->PWM
4680,768,38,806,CLT->RDU
3602,566,70,636,CLT->RIC
824,164,10,174,CLT->ROC
3530,676,2,678,CLT->RSW
1408,336,10,346,CLT->SAN
1322,354,8,362,CLT->SAT
2864,476,64,540,CLT->SAV
1592,472,18,490,CLT->SDF
962,322,2,324,CLT->SEA
2854,814,8,822,CLT->SFO
1592,302,4,306,CLT->SJU
424,64,0,64,CLT->SLC
152,46,4,50,CLT->SMF
414,114,14,128,CLT->SRQ
2188,540,40,580,CLT->STL
836,152,0,152,CLT->STT
40,10,0,10,CLT->STX
1494,276,12,288,CLT->SYR
480,136,10,146,CLT->TLH
5622,1140,18,1158,CLT->TPA
32,10,0,10,CLT->TRI
416,108,0,108,CLT->TUS
3616,818,54,872,CMH->ATL
1370,230,6,236,CMH->BNA
1322,190,20,210,CMH->BOS
3362,454,22,476,CMH->BWI
48,10,2,12,CMH->CLE
250,48,16,64,CMH->CLT
2370,382,34,416,CMH->CVG
154,4,2,6,CMH->DCA
770,140,10,150,CMH->DEN
3388,640,82,722,CMH->DFW
3818,642,86,728,CMH->DTW
3292,1048,220,1268,CMH->EWR
2,0,0,0,CMH->GRB
2,0,0,0,CMH->GRR
1682,344,38,382,CMH->IAH
2,0,0,0,CMH->ICT
1030,228,48,276,CMH->JFK
2682,436,20,456,CMH->LAS
96,40,0,40,CMH->LAX
4710,1398,230,1628,CMH->LGA
328,174,14,188,CMH->MCI
2148,296,20,316,CMH->MCO
5286,914,64,978,CMH->MDW
2114,394,46,440,CMH->MEM
938,128,14,142,CMH->MIA
2108,370,44,414,CMH->MKE
2152,306,22,328,CMH->MSP
2,2,0,2,CMH->OMA
9918,2346,336,2682,CMH->ORD
10,0,4,4,CMH->PBI
1992,386,24,410,CMH->PHL
2192,430,14,444,CMH->PHX
1000,118,18,136,CMH->RDU
274,54,0,54,CMH->RSW
582,90,0,90,CMH->SLC
1358,190,8,198,CMH->STL
2,0,0,0,CMH->SYR
1944,228,16,244,CMH->TPA
2,0,0,0,CMI->ABI
732,122,6,128,CMI->DFW
4812,1126,280,1406,CMI->ORD
2,2,0,2,CMI->SPI
636,66,78,144,CMX->MSP
962,72,10,82,COD->DEN
1414,88,22,110,COD->SLC
2,0,0,0,COS->ABQ
1182,244,12,256,COS->ATL
2,2,0,2,COS->CLE
208,42,6,48,COS->CVG
8386,1358,112,1470,COS->DEN
4072,708,122,830,COS->DFW
2,0,0,0,COS->FAT
3450,666,82,748,COS->IAH
2,0,0,0,COS->LAN
196,44,0,44,COS->LAS
1994,300,8,308,COS->LAX
358,62,12,74,COS->MCI
234,32,2,34,COS->MEM
2,0,0,0,COS->MKE
900,136,2,138,COS->MSP
920,226,0,226,COS->ONT
3038,824,94,918,COS->ORD
2786,438,32,470,COS->PHX
944,168,2,170,COS->SAN
728,96,0,96,COS->SFO
2148,180,10,190,COS->SLC
848,198,4,202,COS->SMF
3072,436,46,482,CPR->DEN
64,14,2,16,CPR->MSP
268,26,6,32,CPR->ORD
2,0,0,0,CPR->PIH
2012,148,16,164,CPR->SLC
12,4,0,4,CRP->ATL
5020,702,138,840,CRP->DFW
3866,560,94,654,CRP->HOU
1642,252,40,292,CRP->IAH
2860,634,46,680,CRW->ATL
2,2,0,2,CRW->BNA
782,94,12,106,CRW->CVG
416,32,4,36,CRW->DTW
1348,294,32,326,CRW->IAH
2,0,0,0,CRW->LEX
1418,290,90,380,CRW->ORD
2962,560,72,632,CSG->ATL
496,84,2,86,CVG->ABE
520,76,0,76,CVG->ABQ
1824,362,22,384,CVG->ALB
180,122,0,122,CVG->ANC
5516,1206,100,1306,CVG->ATL
1394,298,32,330,CVG->ATW
1306,376,6,382,CVG->AUS
334,34,6,40,CVG->AVL
714,124,12,136,CVG->AVP
298,26,6,32,CVG->AZO
2314,418,28,446,CVG->BDL
254,36,2,38,CVG->BGR
1704,276,12,288,CVG->BHM
1804,390,24,414,CVG->BNA
3718,834,84,918,CVG->BOS
4,4,0,4,CVG->BTR
304,82,4,86,CVG->BTV
320,76,4,80,CVG->BUF
2470,442,36,478,CVG->BWI
1884,258,40,298,CVG->CAE
78,4,0,4,CVG->CAK
264,30,4,34,CVG->CHA
70,6,0,6,CVG->CHO
1572,302,10,312,CVG->CHS
1746,298,46,344,CVG->CID
986,162,20,182,CVG->CLE
1852,564,22,586,CVG->CLT
1590,284,12,296,CVG->CMH
208,48,0,48,CVG->COS
782,96,16,112,CVG->CRW
12,2,0,2,CVG->DAB
1492,256,16,272,CVG->DAY
4030,840,70,910,CVG->DCA
2768,566,22,588,CVG->DEN
6488,1652,132,1784,CVG->DFW
1966,340,24,364,CVG->DSM
6046,1032,152,1184,CVG->DTW
60,10,0,10,CVG->EGE
270,20,2,22,CVG->EVV
6188,2336,320,2656,CVG->EWR
1366,294,12,306,CVG->FLL
1110,290,4,294,CVG->FSD
894,172,16,188,CVG->GRB
2772,488,38,526,CVG->GRR
2114,486,16,502,CVG->GSO
912,94,22,116,CVG->GSP
252,46,10,56,CVG->HPN
1600,276,22,298,CVG->HSV
318,44,6,50,CVG->HTS
1566,284,26,310,CVG->IAD
4096,868,72,940,CVG->IAH
280,52,0,52,CVG->ILM
982,160,14,174,CVG->IND
26,8,2,10,CVG->JAC
240,72,4,76,CVG->JAN
2250,538,28,566,CVG->JAX
3064,926,76,1002,CVG->JFK
970,176,8,184,CVG->LAN
1842,428,12,440,CVG->LAS
2286,474,12,486,CVG->LAX
3050,510,50,560,CVG->LEX
7290,2180,480,2660,CVG->LGA
98,12,0,12,CVG->LIT
2982,792,26,818,CVG->MCI
2610,410,12,422,CVG->MCO
2014,290,20,310,CVG->MDT
2452,436,52,488,CVG->MEM
1552,384,28,412,CVG->MHT
2090,418,22,440,CVG->MIA
1678,332,40,372,CVG->MKE
518,52,8,60,CVG->MSN
3490,920,46,966,CVG->MSP
390,90,12,102,CVG->MSY
26,4,0,4,CVG->MYR
1538,308,14,322,CVG->OKC
2006,440,10,450,CVG->OMA
12028,3200,748,3948,CVG->ORD
900,200,0,200,CVG->ORF
778,232,16,248,CVG->PBI
636,106,8,114,CVG->PDX
72,18,2,20,CVG->PFN
3342,1016,72,1088,CVG->PHL
936,202,6,208,CVG->PHX
2584,576,28,604,CVG->PIT
1916,390,28,418,CVG->PVD
1110,214,10,224,CVG->PWM
2174,422,12,434,CVG->RDU
1572,356,8,364,CVG->RIC
2,0,0,0,CVG->ROA
1460,264,22,286,CVG->ROC
1078,212,14,226,CVG->RSW
1142,240,0,240,CVG->SAN
1764,554,6,560,CVG->SAT
1464,258,14,272,CVG->SAV
24,10,4,14,CVG->SBN
46,12,0,12,CVG->SCE
1270,228,12,240,CVG->SDF
1580,298,8,306,CVG->SEA
1554,390,6,396,CVG->SFO
490,72,4,76,CVG->SGF
3254,738,26,764,CVG->SLC
570,114,16,130,CVG->SNA
888,250,16,266,CVG->SRQ
690,146,18,164,CVG->STL
1662,274,18,292,CVG->SYR
40,2,0,2,CVG->TOL
2198,530,24,554,CVG->TPA
494,60,12,72,CVG->TRI
1764,302,12,314,CVG->TUL
258,32,0,32,CVG->TVC
1832,332,18,350,CVG->TYS
206,66,10,76,CVG->VPS
202,20,0,20,CVG->XNA
1098,154,30,184,CWA->DTW
570,36,6,42,CWA->MKE
2,0,0,0,CWA->MLI
26,12,0,12,CWA->MSP
3430,840,240,1080,CWA->ORD
4824,992,96,1088,DAB->ATL
64,16,4,20,DAB->BWI
24,0,2,2,DAB->CLE
46,4,2,6,DAB->CLT
12,0,0,0,DAB->CVG
622,192,14,206,DAB->EWR
2,0,0,0,DAB->JAX
318,144,16,160,DAB->LGA
2,2,0,2,DAB->MCO
6212,1156,34,1190,DAL->ABQ
5330,910,82,992,DAL->AMA
11166,2200,230,2430,DAL->AUS
2102,296,6,302,DAL->BHM
4564,872,16,888,DAL->ELP
19580,3978,880,4858,DAL->HOU
66,4,4,8,DAL->HRL
7460,1328,206,1534,DAL->IAH
5360,1126,36,1162,DAL->LBB
4660,1058,16,1074,DAL->LIT
3994,1050,12,1062,DAL->MAF
7844,1690,154,1844,DAL->MCI
4192,956,56,1012,DAL->MSY
3372,788,10,798,DAL->OKC
2010,416,76,492,DAL->ORD
9946,1854,82,1936,DAL->SAT
5444,1000,32,1032,DAL->STL
4554,884,18,902,DAL->TUL
8738,1722,120,1842,DAY->ATL
1960,310,14,324,DAY->BWI
1724,230,28,258,DAY->CLE
1510,282,16,298,DAY->CVG
1676,278,8,286,DAY->DEN
2074,374,50,424,DAY->DFW
2644,334,46,380,DAY->DTW
1896,482,112,594,DAY->EWR
106,10,0,10,DAY->IAD
1728,388,34,422,DAY->IAH
86,8,0,8,DAY->LAS
832,110,2,112,DAY->MCO
1218,170,34,204,DAY->MKE
1384,188,38,226,DAY->MSP
3598,824,220,1044,DAY->ORD
408,86,2,88,DAY->TPA
2698,550,186,736,DBQ->ORD
608,76,22,98,DCA->ALB
14592,2724,350,3074,DCA->ATL
2366,254,60,314,DCA->BDL
2802,688,60,748,DCA->BNA
17858,2858,632,3490,DCA->BOS
258,60,0,60,DCA->BTR
1264,100,16,116,DCA->BUF
1870,180,48,228,DCA->CLE
6002,824,80,904,DCA->CLT
154,42,2,44,DCA->CMH
3682,588,74,662,DCA->CVG
2858,584,16,600,DCA->DEN
7930,1998,248,2246,DCA->DFW
544,100,16,116,DCA->DSM
5964,702,58,760,DCA->DTW
4578,1450,312,1762,DCA->EWR
2722,464,14,478,DCA->FLL
614,82,22,104,DCA->GRR
1122,240,22,262,DCA->HSV
5838,968,96,1064,DCA->IAH
1936,228,44,272,DCA->IND
608,244,20,264,DCA->JAN
1776,220,22,242,DCA->JAX
6034,1614,284,1898,DCA->JFK
730,188,10,198,DCA->LAS
732,124,0,124,DCA->LAX
622,242,34,276,DCA->LEX
22204,4334,1536,5870,DCA->LGA
3690,594,22,616,DCA->MCO
2086,342,14,356,DCA->MEM
612,78,24,102,DCA->MHT
5974,1466,48,1514,DCA->MIA
244,72,2,74,DCA->MKE
574,56,18,74,DCA->MSN
4398,824,42,866,DCA->MSP
816,94,10,104,DCA->MSY
14854,3246,832,4078,DCA->ORD
1818,292,6,298,DCA->PBI
10,0,0,0,DCA->PHL
2162,524,30,554,DCA->PHX
644,70,8,78,DCA->PIT
2,0,0,0,DCA->PLN
1342,160,16,176,DCA->PVD
5464,940,158,1098,DCA->RDU
1412,138,6,144,DCA->RSW
1454,288,6,294,DCA->SEA
730,138,4,142,DCA->SLC
24,8,0,8,DCA->SRQ
2592,338,98,436,DCA->STL
626,84,2,86,DCA->SYR
3108,474,18,492,DCA->TPA
420,172,8,180,DCA->XNA
8618,1686,72,1758,DEN->ABQ
1462,204,0,204,DEN->AMA
902,392,6,398,DEN->ANC
7958,1652,622,2274,DEN->ASE
11806,2248,66,2314,DEN->ATL
5438,1070,14,1084,DEN->AUS
426,92,0,92,DEN->BDL
1066,176,4,180,DEN->BFL
1302,278,6,284,DEN->BHM
3262,640,34,674,DEN->BIL
2480,426,18,444,DEN->BIS
5112,1036,0,1036,DEN->BNA
4138,904,28,932,DEN->BOI
4468,1252,102,1354,DEN->BOS
2,0,0,0,DEN->BTR
2476,520,64,584,DEN->BUR
5310,1302,22,1324,DEN->BWI
2572,564,24,588,DEN->BZN
1560,322,8,330,DEN->CAK
1144,210,18,228,DEN->CID
1938,322,14,336,DEN->CLE
3850,686,28,714,DEN->CLT
1370,260,12,272,DEN->CMH
962,144,10,154,DEN->COD
8376,1496,110,1606,DEN->COS
3066,436,32,468,DEN->CPR
2,0,0,0,DEN->CRW
2768,426,20,446,DEN->CVG
2,0,0,0,DEN->CYS
1700,322,6,328,DEN->DAY
2856,660,2,662,DEN->DCA
16536,3520,352,3872,DEN->DFW
4946,728,100,828,DEN->DRO
2808,652,38,690,DEN->DSM
5826,1144,26,1170,DEN->DTW
3346,638,168,806,DEN->EGE
2120,368,4,372,DEN->ELP
1452,306,10,316,DEN->EUG
4378,1746,58,1804,DEN->EWR
2492,380,10,390,DEN->FAR
2532,450,6,456,DEN->FAT
1336,194,10,204,DEN->FCA
1816,416,0,416,DEN->FLL
2948,546,32,578,DEN->FSD
1390,340,14,354,DEN->GCC
2880,698,8,706,DEN->GEG
4938,702,42,744,DEN->GJT
4,0,0,0,DEN->GRB
686,182,8,190,DEN->GRR
1736,322,14,336,DEN->GTF
1664,332,60,392,DEN->GUC
2620,472,86,558,DEN->HDN
828,126,2,128,DEN->HLN
734,162,2,164,DEN->HNL
2112,298,28,326,DEN->HOU
1308,254,2,256,DEN->HSV
5886,1354,126,1480,DEN->IAD
9576,1916,112,2028,DEN->IAH
3166,776,48,824,DEN->ICT
1958,308,34,342,DEN->IDA
4166,756,4,760,DEN->IND
2680,712,58,770,DEN->JAC
236,46,0,46,DEN->JAX
2168,598,36,634,DEN->JFK
90,30,0,30,DEN->KOA
16294,3836,114,3950,DEN->LAS
17622,4304,242,4546,DEN->LAX
6102,2374,94,2468,DEN->LGA
90,24,2,26,DEN->LIH
242,56,6,62,DEN->LIT
2400,362,12,374,DEN->LNK
2,0,0,0,DEN->MBS
10222,2150,60,2210,DEN->MCI
6030,1270,14,1284,DEN->MCO
8676,1490,72,1562,DEN->MDW
3460,696,18,714,DEN->MEM
730,130,4,134,DEN->MFR
1620,542,4,546,DEN->MIA
3174,630,32,662,DEN->MKE
1446,288,30,318,DEN->MLI
726,138,6,144,DEN->MRY
2006,456,18,474,DEN->MSN
2216,416,14,430,DEN->MSO
10022,1994,40,2034,DEN->MSP
2348,530,24,554,DEN->MSY
3184,468,38,506,DEN->MTJ
6200,1488,80,1568,DEN->OAK
326,106,2,108,DEN->OGG
5272,1130,46,1176,DEN->OKC
6338,1462,38,1500,DEN->OMA
3088,812,36,848,DEN->ONT
12102,3830,354,4184,DEN->ORD
188,28,0,28,DEN->PBI
9126,2320,78,2398,DEN->PDX
5950,1658,38,1696,DEN->PHL
16782,3366,96,3462,DEN->PHX
726,122,10,132,DEN->PIA
2,0,0,0,DEN->PIH
1608,442,8,450,DEN->PIT
1878,258,26,284,DEN->PSC
1994,452,14,466,DEN->PSP
4616,688,90,778,DEN->RAP
24,6,0,6,DEN->RDM
940,242,2,244,DEN->RDU
578,96,4,100,DEN->RFD
1090,150,18,168,DEN->RKS
2700,666,42,708,DEN->RNO
2,0,0,0,DEN->ROC
442,76,0,76,DEN->RSW
10716,2468,62,2530,DEN->SAN
5302,1228,22,1250,DEN->SAT
1682,282,6,288,DEN->SBA
768,182,4,186,DEN->SDF
12828,3442,102,3544,DEN->SEA
11208,3506,198,3704,DEN->SFO
1906,364,26,390,DEN->SGF
7368,1722,84,1806,DEN->SJC
17810,3610,112,3722,DEN->SLC
6662,1728,28,1756,DEN->SMF
6680,1390,54,1444,DEN->SNA
4252,748,6,754,DEN->STL
3364,778,12,790,DEN->TPA
3256,726,42,768,DEN->TUL
4178,852,6,858,DEN->TUS
176,12,2,14,DEN->TVC
1020,202,4,206,DEN->TYS
1372,262,14,276,DEN->XNA
5320,1126,70,1196,DFW->ABI
5776,1414,150,1564,DFW->ABQ
3988,712,118,830,DFW->ACT
2006,368,72,440,DFW->AEX
5102,1344,114,1458,DFW->AMA
306,130,2,132,DFW->ANC
19698,4540,410,4950,DFW->ATL
11016,2580,318,2898,DFW->AUS
2130,580,36,616,DFW->BDL
2574,570,60,630,DFW->BHM
120,46,4,50,DFW->BMI
5722,1240,150,1390,DFW->BNA
6072,1602,246,1848,DFW->BOS
5838,1192,198,1390,DFW->BTR
186,98,0,98,DFW->BUF
2750,746,72,818,DFW->BUR
4618,932,98,1030,DFW->BWI
2314,468,28,496,DFW->CAE
852,168,6,174,DFW->CHA
2308,428,34,462,DFW->CHS
3794,766,98,864,DFW->CID
3330,908,78,986,DFW->CLE
2208,434,46,480,DFW->CLL
7594,1270,156,1426,DFW->CLT
3388,776,74,850,DFW->CMH
732,180,6,186,DFW->CMI
4068,988,112,1100,DFW->COS
5018,942,134,1076,DFW->CRP
6488,1274,132,1406,DFW->CVG
2076,412,46,458,DFW->DAY
7930,2036,232,2268,DFW->DCA
16386,3566,376,3942,DFW->DEN
4268,980,110,1090,DFW->DSM
5584,1254,86,1340,DFW->DTW
914,354,24,378,DFW->EGE
5800,1360,174,1534,DFW->ELP
730,180,16,196,DFW->EVV
7456,2730,278,3008,DFW->EWR
1460,408,30,438,DFW->FAT
4592,1240,74,1314,DFW->FLL
490,94,6,100,DFW->FNT
3650,698,96,794,DFW->FSM
1426,264,22,286,DFW->FWA
1942,374,66,440,DFW->GGG
1200,210,6,216,DFW->GJT
2310,504,58,562,DFW->GPT
5124,1292,188,1480,DFW->GRK
1586,334,22,356,DFW->GRR
2074,366,36,402,DFW->GSO
2870,506,40,546,DFW->GSP
218,88,10,98,DFW->GUC
252,88,8,96,DFW->HDN
1464,270,2,272,DFW->HNL
4850,1052,162,1214,DFW->HOU
3428,818,78,896,DFW->HSV
4020,946,162,1108,DFW->IAD
11052,2044,302,2346,DFW->IAH
3584,722,246,968,DFW->ICT
4172,874,100,974,DFW->IND
426,114,8,122,DFW->JAC
5208,1124,112,1236,DFW->JAN
2732,546,64,610,DFW->JAX
1666,526,78,604,DFW->JFK
9912,2490,174,2664,DFW->LAS
3644,620,96,716,DFW->LAW
13142,3760,328,4088,DFW->LAX
6024,1538,132,1670,DFW->LBB
1816,334,34,368,DFW->LEX
2362,522,68,590,DFW->LFT
10730,3806,638,4444,DFW->LGA
6490,1682,170,1852,DFW->LIT
2800,650,40,690,DFW->LRD
3554,800,58,858,DFW->MAF
5756,1422,158,1580,DFW->MCI
8228,1988,164,2152,DFW->MCO
544,202,10,212,DFW->MDT
5002,866,272,1138,DFW->MEM
2878,554,100,654,DFW->MFE
6700,2316,74,2390,DFW->MIA
1490,284,32,316,DFW->MKE
1176,190,20,210,DFW->MLI
1928,304,56,360,DFW->MLU
2796,468,92,560,DFW->MOB
1892,396,40,436,DFW->MSN
5620,1236,100,1336,DFW->MSP
5002,1238,190,1428,DFW->MSY
462,176,2,178,DFW->MTJ
1448,442,42,484,DFW->OAK
732,96,2,98,DFW->OGG
5692,1172,146,1318,DFW->OKC
3494,896,90,986,DFW->OMA
3482,990,68,1058,DFW->ONT
16330,5116,730,5846,DFW->ORD
2070,490,36,526,DFW->ORF
1706,456,30,486,DFW->PBI
3156,962,58,1020,DFW->PDX
6966,1932,208,2140,DFW->PHL
10776,2224,192,2416,DFW->PHX
1270,268,20,288,DFW->PIA
4280,1188,82,1270,DFW->PIT
4040,818,86,904,DFW->PNS
2190,624,30,654,DFW->PSP
4694,1060,112,1172,DFW->RDU
2082,502,40,542,DFW->RIC
2186,662,54,716,DFW->RNO
352,92,6,98,DFW->ROC
1922,426,22,448,DFW->ROW
1836,428,24,452,DFW->RSW
7052,2024,144,2168,DFW->SAN
10828,2470,302,2772,DFW->SAT
1590,382,18,400,DFW->SAV
730,246,10,256,DFW->SBA
2772,582,60,642,DFW->SDF
7830,2474,110,2584,DFW->SEA
6972,2308,218,2526,DFW->SFO
6462,1386,208,1594,DFW->SGF
7158,1632,290,1922,DFW->SHV
4500,1080,92,1172,DFW->SJC
2630,582,40,622,DFW->SJT
1970,696,14,710,DFW->SJU
6286,1536,102,1638,DFW->SLC
2692,782,48,830,DFW->SMF
7338,1876,140,2016,DFW->SNA
3662,650,136,786,DFW->SPS
7196,1596,236,1832,DFW->STL
356,90,4,94,DFW->SYR
5606,1268,132,1400,DFW->TPA
6512,1820,136,1956,DFW->TUL
5354,1450,132,1582,DFW->TUS
2494,470,94,564,DFW->TXK
3170,532,88,620,DFW->TYR
3010,758,46,804,DFW->TYS
3924,746,88,834,DFW->VPS
5560,1372,190,1562,DFW->XNA
2794,626,38,664,DHN->ATL
232,110,10,120,DLG->ANC
1442,176,42,218,DLH->DTW
2584,320,44,364,DLH->MSP
2,2,0,2,DRO->ABQ
4950,644,112,756,DRO->DEN
1624,162,50,212,DRO->PHX
772,58,20,78,DRO->SLC
2230,496,38,534,DSM->ATL
278,30,0,30,DSM->CLE
1964,194,26,220,DSM->CVG
2,2,0,2,DSM->CWA
544,48,12,60,DSM->DCA
3408,758,52,810,DSM->DEN
4274,860,120,980,DSM->DFW
1912,304,72,376,DSM->DTW
4,0,0,0,DSM->GJT
1376,268,26,294,DSM->IAH
350,46,0,46,DSM->LAX
1414,388,90,478,DSM->LGA
2,0,0,0,DSM->LNK
1502,228,38,266,DSM->MEM
1444,180,24,204,DSM->MKE
2024,380,62,442,DSM->MSP
9050,2380,538,2918,DSM->ORD
2,2,0,2,DSM->ORF
1498,182,20,202,DSM->PHX
2,0,0,0,DSM->RFD
6,4,0,4,DSM->SLC
1994,342,48,390,DTW->ABE
2026,474,12,486,DTW->ALB
192,102,0,102,DTW->ANC
11224,2814,100,2914,DTW->ATL
2042,304,52,356,DTW->ATW
1536,276,22,298,DTW->AVL
1444,214,32,246,DTW->AVP
2352,470,118,588,DTW->AZO
3130,726,20,746,DTW->BDL
1456,234,46,280,DTW->BGM
1602,276,28,304,DTW->BGR
1774,336,36,372,DTW->BHM
5424,1192,22,1214,DTW->BNA
4754,1512,84,1596,DTW->BOS
1652,284,32,316,DTW->BTV
3016,708,48,756,DTW->BUF
6202,1360,40,1400,DTW->BWI
38,18,0,18,DTW->BZN
1426,280,36,316,DTW->CAE
2088,338,86,424,DTW->CAK
146,24,2,26,DTW->CHA
1522,272,20,292,DTW->CHS
1896,346,50,396,DTW->CID
2364,486,48,534,DTW->CLE
5406,1404,60,1464,DTW->CLT
3788,850,72,922,DTW->CMH
416,40,2,42,DTW->CRW
6198,1302,150,1452,DTW->CVG
1098,178,16,194,DTW->CWA
2644,400,34,434,DTW->DAY
5972,1310,52,1362,DTW->DCA
5838,1562,36,1598,DTW->DEN
5598,1486,96,1582,DTW->DFW
1444,204,22,226,DTW->DLH
1954,322,60,382,DTW->DSM
2672,424,50,474,DTW->ELM
2796,488,112,600,DTW->ERI
2684,388,78,466,DTW->EVV
8748,3414,458,3872,DTW->EWR
2642,902,4,906,DTW->FLL
3038,652,40,692,DTW->FNT
2404,432,54,486,DTW->FWA
2490,608,24,632,DTW->GRB
5054,1140,48,1188,DTW->GRR
2490,446,42,488,DTW->GSO
2478,458,48,506,DTW->GSP
1332,260,34,294,DTW->HPN
1396,226,22,248,DTW->HSV
3416,886,112,998,DTW->IAD
5480,1212,66,1278,DTW->IAH
484,118,4,122,DTW->ICT
5210,1246,32,1278,DTW->IND
266,40,16,56,DTW->ITH
1364,258,30,288,DTW->JAN
1014,386,0,386,DTW->JAX
3508,1116,118,1234,DTW->JFK
3284,706,32,738,DTW->LAN
4076,1118,26,1144,DTW->LAS
3216,1314,2,1316,DTW->LAX
3316,540,90,630,DTW->LEX
9188,3442,238,3680,DTW->LGA
724,136,16,152,DTW->LIT
640,102,28,130,DTW->LNK
2936,532,56,588,DTW->MBS
2876,772,4,776,DTW->MCI
6962,1826,18,1844,DTW->MCO
1086,216,10,226,DTW->MDT
6358,1298,82,1380,DTW->MDW
5124,1256,8,1264,DTW->MEM
1688,430,24,454,DTW->MHT
2454,742,14,756,DTW->MIA
3484,822,44,866,DTW->MKE
1490,270,20,290,DTW->MLI
3206,682,42,724,DTW->MSN
9894,2566,26,2592,DTW->MSP
136,50,0,50,DTW->MSY
574,122,4,126,DTW->MYR
1244,286,14,300,DTW->OKC
2648,522,58,580,DTW->OMA
15106,4312,538,4850,DTW->ORD
1936,598,18,616,DTW->ORF
944,254,2,256,DTW->PBI
500,112,2,114,DTW->PDX
5582,1618,104,1722,DTW->PHL
5856,1588,18,1606,DTW->PHX
1402,240,42,282,DTW->PIA
3116,680,20,700,DTW->PIT
526,78,24,102,DTW->PLN
2210,580,20,600,DTW->PVD
132,30,0,30,DTW->PWM
2736,748,4,752,DTW->RDU
1400,294,18,312,DTW->RIC
1496,330,44,374,DTW->ROA
1728,426,48,474,DTW->ROC
210,54,8,62,DTW->RST
2288,768,2,770,DTW->RSW
1166,414,2,416,DTW->SAN
1194,404,0,404,DTW->SAT
1016,180,10,190,DTW->SAV
3276,596,68,664,DTW->SBN
1000,186,34,220,DTW->SCE
2164,474,26,500,DTW->SDF
2344,806,14,820,DTW->SEA
2470,932,2,934,DTW->SFO
726,110,30,140,DTW->SGF
720,136,42,178,DTW->SHV
310,140,0,140,DTW->SJU
1144,266,6,272,DTW->SLC
438,170,0,170,DTW->SRQ
5032,1160,34,1194,DTW->STL
32,24,0,24,DTW->STT
1448,278,26,304,DTW->SWF
2030,500,24,524,DTW->SYR
2904,878,4,882,DTW->TPA
1452,310,16,326,DTW->TUL
2418,454,48,502,DTW->TVC
3576,700,28,728,DTW->TYS
724,120,10,130,DTW->XNA
218,54,4,58,EGE->ATL
26,12,0,12,EGE->CLT
60,16,0,16,EGE->CVG
3348,592,172,764,EGE->DEN
914,246,28,274,EGE->DFW
414,160,4,164,EGE->EWR
248,86,4,90,EGE->IAH
26,12,0,12,EGE->JFK
222,86,6,92,EGE->LAX
32,14,0,14,EGE->LGA
86,22,2,24,EGE->MIA
224,78,4,82,EGE->MSP
394,126,10,136,EGE->ORD
3154,280,56,336,EKO->SLC
6,0,0,0,EKO->TWF
2672,350,58,408,ELM->DTW
1584,138,2,140,ELP->ABQ
1150,152,12,164,ELP->ATL
2688,382,2,384,ELP->AUS
4580,582,16,598,ELP->DAL
2120,248,6,254,ELP->DEN
5802,774,176,950,ELP->DFW
2066,314,40,354,ELP->HOU
2272,230,22,252,ELP->IAH
2112,294,6,300,ELP->LAS
2150,368,2,370,ELP->LAX
724,178,0,178,ELP->LBB
762,106,2,108,ELP->ONT
1340,300,50,350,ELP->ORD
8272,1528,48,1576,ELP->PHX
732,102,0,102,ELP->SAN
2688,338,2,340,ELP->SAT
242,8,2,10,ELP->SLC
178,22,2,24,ELP->TUS
2796,392,122,514,ERI->DTW
2,2,0,2,ERI->PIT
1452,150,10,160,EUG->DEN
2,0,0,0,EUG->FAT
324,30,2,32,EUG->LAS
610,100,2,102,EUG->LAX
2,0,0,0,EUG->MFR
3102,154,44,198,EUG->PDX
744,34,20,54,EUG->PHX
2,0,0,0,EUG->RDM
3838,998,104,1102,EUG->SFO
1422,128,4,132,EUG->SLC
2302,432,50,482,EVV->ATL
272,14,2,16,EVV->CVG
732,156,22,178,EVV->DFW
2684,260,108,368,EVV->DTW
1808,222,66,288,EVV->MEM
3888,856,250,1106,EVV->ORD
2,0,0,0,EVV->STL
1582,344,28,372,EWN->ATL
332,198,4,202,EWR->ABQ
468,216,44,260,EWR->ACK
1238,460,56,516,EWR->ALB
16120,5240,444,5684,EWR->ATL
1878,602,18,620,EWR->AUS
1316,524,74,598,EWR->AVL
1586,488,84,572,EWR->BDL
1072,292,44,336,EWR->BGR
1362,472,46,518,EWR->BHM
3624,1126,166,1292,EWR->BNA
7740,2584,260,2844,EWR->BOS
732,392,2,394,EWR->BQN
1758,638,78,716,EWR->BTV
2962,1120,144,1264,EWR->BUF
1016,276,34,310,EWR->BWI
1368,376,120,496,EWR->CAE
2570,840,150,990,EWR->CHS
4206,1168,42,1210,EWR->CLE
11890,3302,450,3752,EWR->CLT
3306,958,212,1170,EWR->CMH
6190,1606,356,1962,EWR->CVG
622,112,12,124,EWR->DAB
1892,680,104,784,EWR->DAY
4538,1422,304,1726,EWR->DCA
4418,1458,54,1512,EWR->DEN
7458,2350,270,2620,EWR->DFW
8838,2434,460,2894,EWR->DTW
414,146,6,152,EWR->EGE
8864,2564,70,2634,EWR->FLL
2,0,0,0,EWR->GRB
1186,318,14,332,EWR->GRR
2184,820,142,962,EWR->GSO
2072,770,116,886,EWR->GSP
30,2,0,2,EWR->HDN
724,238,0,238,EWR->HNL
3578,1074,244,1318,EWR->IAD
7978,2568,74,2642,EWR->IAH
3444,1084,78,1162,EWR->IND
242,118,4,122,EWR->JAN
3192,936,60,996,EWR->JAX
4700,1546,32,1578,EWR->LAS
6478,2466,76,2542,EWR->LAX
778,352,28,380,EWR->LEX
2,0,2,2,EWR->LGA
646,338,20,358,EWR->LIT
3596,1248,198,1446,EWR->MCI
9956,3090,76,3166,EWR->MCO
558,180,34,214,EWR->MDW
2384,726,70,796,EWR->MEM
2662,888,142,1030,EWR->MHT
5746,1656,76,1732,EWR->MIA
5046,1710,306,2016,EWR->MKE
626,208,22,230,EWR->MSN
6206,1742,254,1996,EWR->MSP
2278,638,60,698,EWR->MSY
42,10,0,10,EWR->MTJ
468,134,4,138,EWR->MYR
720,328,16,344,EWR->OKC
2158,834,138,972,EWR->OMA
15010,5198,774,5972,EWR->ORD
758,258,60,318,EWR->ORF
5538,1708,48,1756,EWR->PBI
1374,402,6,408,EWR->PDX
38,8,0,8,EWR->PHL
5202,1654,54,1708,EWR->PHX
1354,344,48,392,EWR->PIT
32,2,0,2,EWR->PSE
2202,738,144,882,EWR->PVD
1480,522,92,614,EWR->PWM
4782,1688,286,1974,EWR->RDU
3152,1266,108,1374,EWR->RIC
1850,724,106,830,EWR->ROC
3746,804,46,850,EWR->RSW
2358,804,14,818,EWR->SAN
1898,572,28,600,EWR->SAT
2254,786,124,910,EWR->SAV
2104,676,68,744,EWR->SDF
4060,1512,34,1546,EWR->SEA
5554,1900,92,1992,EWR->SFO
400,214,4,218,EWR->SJC
3160,890,2,892,EWR->SJU
1624,518,14,532,EWR->SLC
1816,456,18,474,EWR->SNA
798,124,8,132,EWR->SRQ
3414,1030,250,1280,EWR->STL
464,96,0,96,EWR->STT
1986,804,76,880,EWR->SYR
5676,1450,56,1506,EWR->TPA
686,370,14,384,EWR->TUL
372,142,0,142,EWR->TUS
1320,462,20,482,EWR->TYS
1090,350,34,384,EWR->XNA
1948,630,32,662,EYW->ATL
70,4,0,4,EYW->MCO
5706,774,94,868,FAI->ANC
728,174,14,188,FAI->BRW
410,96,0,96,FAI->MSP
728,94,8,102,FAI->SCC
1912,356,16,372,FAI->SEA
160,6,4,10,FAI->SLC
2526,414,28,442,FAR->DEN
2,0,0,0,FAR->LAN
2,2,0,2,FAR->MCI
3486,542,52,594,FAR->MSP
2654,654,116,770,FAR->ORD
190,20,0,20,FAR->SLC
2,0,0,0,FAR->STL
2530,268,18,286,FAT->DEN
1460,206,36,242,FAT->DFW
4184,784,76,860,FAT->LAS
8044,894,96,990,FAT->LAX
870,60,4,64,FAT->LGB
4,4,0,4,FAT->MRY
2,0,0,0,FAT->OGD
478,18,0,18,FAT->ONT
3250,340,50,390,FAT->PHX
1162,88,6,94,FAT->SAN
4,4,0,4,FAT->SBA
4876,1308,50,1358,FAT->SFO
1690,196,6,202,FAT->SLC
2,0,0,0,FAT->TWF
4344,1054,64,1118,FAY->ATL
190,56,4,60,FAY->CLT
50,18,0,18,FCA->ATL
1336,156,22,178,FCA->DEN
4,0,0,0,FCA->IDA
420,52,4,56,FCA->MSP
208,88,0,88,FCA->ORD
24,14,0,14,FCA->SFO
3482,274,20,294,FCA->SLC
3742,440,204,644,FLG->PHX
120,16,6,22,FLL->ALB
15332,3104,46,3150,FLL->ATL
962,168,2,170,FLL->AUS
1090,310,10,320,FLL->BDL
1480,188,2,190,FLL->BNA
4946,1370,70,1440,FLL->BOS
1344,356,10,366,FLL->BUF
5408,908,16,924,FLL->BWI
16,4,2,6,FLL->CAK
1236,92,12,104,FLL->CLE
5894,702,28,730,FLL->CLT
1374,270,18,288,FLL->CVG
2678,364,14,378,FLL->DCA
1806,458,8,466,FLL->DEN
4596,948,84,1032,FLL->DFW
2640,524,8,532,FLL->DTW
8862,3076,74,3150,FLL->EWR
732,162,4,166,FLL->GPT
1444,262,18,280,FLL->HOU
2044,494,18,512,FLL->HPN
2352,562,8,570,FLL->IAD
3866,588,34,622,FLL->IAH
1156,214,16,230,FLL->IND
2184,370,8,378,FLL->ISP
3624,702,10,712,FLL->JAX
9398,2964,142,3106,FLL->JFK
1354,206,4,210,FLL->LAS
744,238,2,240,FLL->LAX
6298,2188,104,2292,FLL->LGA
664,154,2,156,FLL->LGB
120,32,0,32,FLL->MCI
4190,802,10,812,FLL->MCO
3244,552,34,586,FLL->MDW
960,198,0,198,FLL->MEM
490,102,0,102,FLL->MHT
2,0,2,2,FLL->MIA
86,8,6,14,FLL->MKE
950,286,6,292,FLL->MSP
1186,194,18,212,FLL->MSY
26,10,0,10,FLL->OAK
3162,910,48,958,FLL->ORD
618,112,0,112,FLL->PHF
5954,1510,34,1544,FLL->PHL
1244,234,8,242,FLL->PHX
1744,288,12,300,FLL->PIT
290,34,4,38,FLL->PNS
88,10,2,12,FLL->PSE
848,188,2,190,FLL->PVD
1390,244,8,252,FLL->RDU
732,134,2,136,FLL->RIC
228,18,0,18,FLL->ROC
1530,442,46,488,FLL->SJU
484,60,0,60,FLL->SLC
940,200,8,208,FLL->STL
952,256,12,268,FLL->SWF
656,156,8,164,FLL->SYR
524,22,10,32,FLL->TLH
6072,1060,24,1084,FLL->TPA
1230,224,28,252,FLO->ATL
6266,1280,80,1360,FNT->ATL
492,102,12,114,FNT->DFW
3044,318,50,368,FNT->DTW
180,38,0,38,FNT->LAS
786,164,34,198,FNT->LGA
910,184,2,186,FNT->MCO
1676,208,24,232,FNT->MKE
210,2,0,2,FNT->MKG
708,96,18,114,FNT->MSP
2528,630,112,742,FNT->ORD
298,82,0,82,FNT->RSW
400,100,2,102,FNT->TPA
270,96,8,104,FSD->ATL
1110,118,8,126,FSD->CVG
2858,622,48,670,FSD->DEN
2,2,0,2,FSD->GRB
2,0,0,0,FSD->MSN
3854,544,44,588,FSD->MSP
3540,948,122,1070,FSD->ORD
2,0,0,0,FSD->PIA
2,0,0,0,FSD->SDF
16,6,0,6,FSD->SLC
1266,214,16,230,FSM->ATL
3652,508,104,612,FSM->DFW
956,82,62,144,FSM->MEM
2058,512,34,546,FWA->ATL
1426,220,28,248,FWA->DFW
2404,336,78,414,FWA->DTW
482,60,14,74,FWA->MSP
5916,1526,442,1968,FWA->ORD
2,0,0,0,FWA->TVC
1390,462,22,484,GCC->DEN
118,36,10,46,GCC->RKS
584,68,0,68,GCC->SLC
2,0,0,0,GEG->BLI
2032,262,18,280,GEG->BOI
2872,434,20,454,GEG->DEN
1506,172,14,186,GEG->LAS
862,160,2,162,GEG->LAX
2,2,0,2,GEG->LGB
1652,250,10,260,GEG->MSP
1438,218,10,228,GEG->OAK
880,90,2,92,GEG->ONT
656,110,6,116,GEG->ORD
2628,404,34,438,GEG->PDX
1554,156,24,180,GEG->PHX
2,0,0,0,GEG->RDM
426,58,2,60,GEG->RNO
908,128,6,134,GEG->SAN
8744,1448,188,1636,GEG->SEA
3902,570,40,610,GEG->SLC
750,100,10,110,GEG->SMF
304,40,0,40,GEG->TUS
2742,364,48,412,GFK->MSP
1956,270,78,348,GGG->DFW
4,2,2,4,GJT->ASE
4926,706,72,778,GJT->DEN
1198,184,8,192,GJT->DFW
2,0,0,0,GJT->HDN
8,4,2,6,GJT->LAX
12,4,4,8,GJT->ORD
2074,282,56,338,GJT->PHX
2080,154,12,166,GJT->SLC
4128,684,88,772,GNV->ATL
6882,1404,146,1550,GPT->ATL
2314,460,64,524,GPT->DFW
732,150,8,158,GPT->FLL
3816,556,98,654,GPT->IAH
2176,238,28,266,GPT->MEM
430,138,10,148,GPT->ORD
732,102,6,108,GPT->TPA
186,28,4,32,GRB->ATL
894,142,18,160,GRB->CVG
2,2,0,2,GRB->DEN
2,2,0,2,GRB->DSM
2448,356,26,382,GRB->DTW
2,2,0,2,GRB->GTF
1548,218,38,256,GRB->MKE
646,220,40,260,GRB->MQT
2862,332,54,386,GRB->MSP
7268,1946,550,2496,GRB->ORD
2,2,0,2,GRB->SDF
1286,290,22,312,GRK->ATL
5130,916,210,1126,GRK->DFW
1050,190,36,226,GRK->IAH
2702,654,56,710,GRR->ATL
2294,416,44,460,GRR->CLE
2774,384,56,440,GRR->CVG
614,90,18,108,GRR->DCA
692,124,6,130,GRR->DEN
1590,362,34,396,GRR->DFW
5310,712,66,778,GRR->DTW
1164,402,26,428,GRR->EWR
1428,342,32,374,GRR->IAH
726,198,48,246,GRR->LGA
256,88,2,90,GRR->MCO
724,136,32,168,GRR->MEM
2488,412,46,458,GRR->MKE
46,0,0,0,GRR->MKG
3032,492,36,528,GRR->MSP
7392,1772,440,2212,GRR->ORD
5696,1326,126,1452,GSO->ATL
264,40,6,46,GSO->BOS
296,34,4,38,GSO->CLE
1974,510,74,584,GSO->CLT
2194,306,28,334,GSO->CVG
2074,376,48,424,GSO->DFW
2490,352,56,408,GSO->DTW
2186,734,150,884,GSO->EWR
416,92,26,118,GSO->IAD
2070,426,42,468,GSO->IAH
2,2,0,2,GSO->JAX
1810,370,118,488,GSO->LGA
38,6,0,6,GSO->MCO
2086,278,48,326,GSO->MEM
1040,108,24,132,GSO->MIA
730,94,20,114,GSO->MSP
1740,472,140,612,GSO->ORD
4,2,0,2,GSO->ORF
6,6,0,6,GSO->RDU
4900,914,148,1062,GSP->ATL
1020,152,6,158,GSP->CLE
2,2,0,2,GSP->CLT
912,54,18,72,GSP->CVG
2872,454,48,502,GSP->DFW
2476,296,62,358,GSP->DTW
2080,582,122,704,GSP->EWR
1656,404,80,484,GSP->IAD
1900,334,34,368,GSP->IAH
1218,232,98,330,GSP->LGA
180,52,2,54,GSP->MCO
2178,314,56,370,GSP->MEM
2318,558,162,720,GSP->ORD
170,38,4,42,GST->JNU
2,2,0,2,GTF->BZN
1738,226,18,244,GTF->DEN
392,54,10,64,GTF->MSP
46,10,0,10,GTF->ORD
2102,96,10,106,GTF->SLC
1928,376,36,412,GTR->ATL
4,4,0,4,GUC->ATL
1662,340,68,408,GUC->DEN
222,78,16,94,GUC->DFW
4,2,2,4,GUC->ORD
26,12,2,14,GUC->SLC
214,76,0,76,HDN->ATL
2628,420,74,494,HDN->DEN
254,78,12,90,HDN->DFW
30,12,2,14,HDN->EWR
224,98,6,104,HDN->IAH
26,4,2,6,HDN->JFK
30,6,0,6,HDN->LGA
224,54,4,58,HDN->MSP
410,212,28,240,HDN->ORD
756,140,30,170,HDN->SLC
1672,344,88,432,HHH->ATL
824,98,10,108,HLN->DEN
730,106,20,126,HLN->MSP
2418,192,20,212,HLN->SLC
472,58,2,60,HNL->ANC
1274,168,6,174,HNL->ATL
732,100,0,100,HNL->DEN
1464,352,4,356,HNL->DFW
724,138,0,138,HNL->EWR
1404,324,10,334,HNL->IAH
15370,1468,74,1542,HNL->ITO
17490,1640,68,1708,HNL->KOA
1464,432,0,432,HNL->LAS
9926,1970,36,2006,HNL->LAX
21538,1702,138,1840,HNL->LIH
732,118,0,118,HNL->MSP
242,116,0,116,HNL->OAK
24028,1852,474,2326,HNL->OGG
1282,184,6,190,HNL->ORD
1464,246,8,254,HNL->PDX
1828,454,20,474,HNL->PHX
786,214,0,214,HNL->SAN
3286,660,20,680,HNL->SEA
4718,890,54,944,HNL->SFO
732,220,0,220,HNL->SJC
732,90,4,94,HNL->SLC
732,210,0,210,HNL->SMF
132,14,2,16,HNL->SNA
2046,528,40,568,HOU->ABQ
7190,1584,194,1778,HOU->ATL
4620,976,78,1054,HOU->AUS
1472,256,20,276,HOU->BHM
3000,546,36,582,HOU->BNA
2,0,0,0,HOU->BTR
2524,430,36,466,HOU->BWI
3864,816,96,912,HOU->CRP
19532,4158,1014,5172,HOU->DAL
2126,474,28,502,HOU->DEN
4850,946,186,1132,HOU->DFW
2064,520,34,554,HOU->ELP
1446,308,26,334,HOU->FLL
5934,1316,296,1612,HOU->HRL
2682,540,44,584,HOU->JAN
732,162,10,172,HOU->JAX
1888,430,62,492,HOU->JFK
2920,604,38,642,HOU->LAS
2832,618,42,660,HOU->LAX
730,132,8,140,HOU->LIT
1352,292,22,314,HOU->MAF
3506,672,62,734,HOU->MCO
4108,728,96,824,HOU->MDW
7452,1408,230,1638,HOU->MSY
1426,296,26,322,HOU->OAK
2732,530,34,564,HOU->OKC
1318,340,22,362,HOU->PHL
3444,708,102,810,HOU->PHX
842,236,10,246,HOU->SAN
5144,1162,128,1290,HOU->SAT
2696,424,52,476,HOU->STL
2792,550,46,596,HOU->TPA
2600,562,50,612,HOU->TUL
4316,1008,120,1128,HPN->ATL
252,42,12,54,HPN->CVG
1332,212,42,254,HPN->DTW
2,0,0,0,HPN->EWR
2042,520,18,538,HPN->FLL
4,4,0,4,HPN->JFK
2970,652,32,684,HPN->MCO
7252,1778,422,2200,HPN->ORD
2096,620,32,652,HPN->PBI
2,0,0,0,HPN->PIA
2,0,0,0,HPN->PIT
1040,250,12,262,HPN->RSW
120,30,2,32,HPN->TPA
732,110,14,124,HRL->AUS
66,4,4,8,HRL->DAL
5898,1106,264,1370,HRL->HOU
796,120,36,156,HRL->IAH
1350,174,30,204,HRL->SAT
5244,1234,74,1308,HSV->ATL
8,2,0,2,HSV->BHM
26,4,0,4,HSV->CLT
1574,178,26,204,HSV->CVG
1154,190,20,210,HSV->DCA
1306,252,6,258,HSV->DEN
3434,578,100,678,HSV->DFW
1404,234,28,262,HSV->DTW
1452,450,92,542,HSV->IAD
2086,340,40,380,HSV->IAH
144,74,10,84,HSV->LGA
496,46,4,50,HSV->MCO
2158,286,62,348,HSV->MEM
1094,424,74,498,HSV->ORD
2,2,0,2,HSV->TUS
316,22,6,28,HTS->CVG
730,186,6,192,IAD->ABQ
10724,2296,240,2536,IAD->ATL
1262,488,20,508,IAD->AUS
2384,436,110,546,IAD->BDL
490,228,26,254,IAD->BHM
466,184,8,192,IAD->BNA
7692,1818,220,2038,IAD->BOS
258,60,8,68,IAD->BTV
32,14,2,16,IAD->BUF
326,114,2,116,IAD->BUR
3418,1130,164,1294,IAD->CAE
1420,404,80,484,IAD->CHS
2870,858,118,976,IAD->CLE
5524,1770,190,1960,IAD->CLT
1566,278,34,312,IAD->CVG
104,8,0,8,IAD->DAY
2,2,0,2,IAD->DCA
5968,1508,94,1602,IAD->DEN
4018,940,150,1090,IAD->DFW
3368,702,120,822,IAD->DTW
3580,1180,244,1424,IAD->EWR
2348,520,8,528,IAD->FLL
414,112,26,138,IAD->GSO
1364,372,72,444,IAD->GSP
1450,490,76,566,IAD->HSV
2778,786,32,818,IAD->IAH
1502,434,62,496,IAD->JAX
4594,1296,180,1476,IAD->JFK
3246,834,22,856,IAD->LAS
8184,2464,142,2606,IAD->LAX
2210,760,168,928,IAD->LGA
1512,422,8,430,IAD->LGB
626,260,24,284,IAD->MCI
8488,1790,60,1850,IAD->MCO
1968,528,64,592,IAD->MDT
4150,704,32,736,IAD->MDW
1170,286,36,322,IAD->MHT
1150,166,8,174,IAD->MIA
1424,244,4,248,IAD->MSP
826,198,18,216,IAD->MSY
1066,316,48,364,IAD->MYR
1682,498,10,508,IAD->OAK
638,256,12,268,IAD->OKC
5896,1092,258,1350,IAD->ORD
1912,636,38,674,IAD->ORF
28,6,0,6,IAD->PBI
734,196,6,202,IAD->PDX
1214,352,110,462,IAD->PHL
1462,364,16,380,IAD->PHX
1480,466,82,548,IAD->PIT
1022,288,50,338,IAD->PVD
760,234,40,274,IAD->PWM
3358,626,122,748,IAD->RDU
1364,358,82,440,IAD->ROA
984,254,46,300,IAD->ROC
28,2,0,2,IAD->RSW
2662,814,22,836,IAD->SAN
222,86,20,106,IAD->SAT
2016,878,58,936,IAD->SAV
2196,490,16,506,IAD->SEA
6278,1614,140,1754,IAD->SFO
490,172,4,176,IAD->SJC
1414,294,2,296,IAD->SJU
1048,224,4,228,IAD->SLC
730,214,6,220,IAD->SMF
282,134,12,146,IAD->SPI
274,78,0,78,IAD->STT
1306,360,42,402,IAD->SYR
3492,632,24,656,IAD->TPA
224,38,0,38,IAD->TUS
194,46,6,52,IAD->TYS
4522,932,68,1000,IAH->ABQ
684,168,22,190,IAH->AEX
2,0,0,0,IAH->AGS
1614,248,34,282,IAH->AMA
412,104,0,104,IAH->ANC
9978,2530,206,2736,IAH->ATL
7408,1302,102,1404,IAH->AUS
916,156,12,168,IAH->AVL
240,62,0,62,IAH->BDL
4666,902,74,976,IAH->BHM
5094,996,78,1074,IAH->BNA
3644,866,38,904,IAH->BOS
550,90,32,122,IAH->BPT
2930,586,98,684,IAH->BRO
4018,686,162,848,IAH->BTR
3456,604,32,636,IAH->BWI
330,66,4,70,IAH->CAE
916,176,6,182,IAH->CHA
146,46,2,48,IAH->CHS
4294,744,46,790,IAH->CLE
522,102,16,118,IAH->CLL
7418,1616,150,1766,IAH->CLT
1678,396,28,424,IAH->CMH
3450,794,78,872,IAH->COS
1646,246,40,286,IAH->CRP
1348,218,26,244,IAH->CRW
4090,688,94,782,IAH->CVG
7460,1334,208,1542,IAH->DAL
1718,346,36,382,IAH->DAY
5882,898,92,990,IAH->DCA
9168,2066,114,2180,IAH->DEN
11078,2404,304,2708,IAH->DFW
1376,374,24,398,IAH->DSM
5484,922,66,988,IAH->DTW
248,82,0,82,IAH->EGE
2272,424,26,450,IAH->ELP
7940,2076,62,2138,IAH->EWR
3866,730,34,764,IAH->FLL
3816,582,96,678,IAH->GPT
1050,244,34,278,IAH->GRK
1428,334,24,358,IAH->GRR
2072,396,40,436,IAH->GSO
1908,366,32,398,IAH->GSP
224,60,0,60,IAH->HDN
1404,294,12,306,IAH->HNL
4,4,0,4,IAH->HOU
796,120,36,156,IAH->HRL
2086,432,42,474,IAH->HSV
2844,694,38,732,IAH->IAD
3188,652,78,730,IAH->ICT
3526,782,38,820,IAH->IND
3440,610,94,704,IAH->JAN
3058,610,46,656,IAH->JAX
1938,610,32,642,IAH->JFK
5364,1104,54,1158,IAH->LAS
7734,1972,68,2040,IAH->LAX
1538,334,22,356,IAH->LBB
1998,424,86,510,IAH->LCH
1292,242,28,270,IAH->LEX
5406,1012,196,1208,IAH->LFT
6798,2340,168,2508,IAH->LGA
2222,464,60,524,IAH->LIT
1432,228,36,264,IAH->LRD
2374,502,48,550,IAH->MAF
5032,1052,82,1134,IAH->MCI
4988,866,36,902,IAH->MCO
6092,1238,158,1396,IAH->MEM
5330,984,116,1100,IAH->MFE
492,96,4,100,IAH->MGM
5470,1142,96,1238,IAH->MIA
3346,674,76,750,IAH->MKE
1160,268,46,314,IAH->MLU
2840,426,96,522,IAH->MOB
4932,1080,66,1146,IAH->MSP
8496,1440,190,1630,IAH->MSY
522,100,8,108,IAH->MTJ
1444,346,0,346,IAH->OAK
5250,980,94,1074,IAH->OKC
4196,902,62,964,IAH->OMA
2186,468,16,484,IAH->ONT
11302,3244,334,3578,IAH->ORD
1940,364,32,396,IAH->ORF
2778,440,28,468,IAH->PBI
2542,654,36,690,IAH->PDX
3464,918,28,946,IAH->PHL
8352,1512,116,1628,IAH->PHX
3426,610,44,654,IAH->PIT
1270,258,40,298,IAH->PNS
432,114,4,118,IAH->PSP
3974,732,54,786,IAH->RDU
1940,268,32,300,IAH->RIC
856,124,2,126,IAH->RNO
2128,394,26,420,IAH->RSW
4784,922,40,962,IAH->SAN
7520,1548,92,1640,IAH->SAT
1896,338,38,376,IAH->SAV
792,100,6,106,IAH->SDF
4786,1348,46,1394,IAH->SEA
5310,1590,56,1646,IAH->SFO
2034,438,38,476,IAH->SHV
1990,434,18,452,IAH->SJC
1464,264,6,270,IAH->SJU
5392,1006,82,1088,IAH->SLC
2170,526,14,540,IAH->SMF
3746,634,42,676,IAH->SNA
140,26,4,30,IAH->SRQ
1472,212,32,244,IAH->STL
962,282,10,292,IAH->TLH
3926,680,40,720,IAH->TPA
4620,868,74,942,IAH->TUL
3340,656,42,698,IAH->TUS
2706,550,30,580,IAH->TYS
840,148,12,160,IAH->VPS
2870,500,56,556,IAH->XNA
6292,1258,64,1322,ICT->ATL
2,0,0,0,ICT->CID
2,0,0,0,ICT->COS
3156,668,56,724,ICT->DEN
3588,530,248,778,ICT->DFW
482,84,12,96,ICT->DTW
3188,546,80,626,ICT->IAH
368,54,8,62,ICT->LAX
2,2,0,2,ICT->MCI
2184,346,38,384,ICT->MEM
1428,216,32,248,ICT->MSP
2,2,0,2,ICT->MSY
4,4,0,4,ICT->OKC
6010,1500,350,1850,ICT->ORD
1384,148,16,164,ICT->PHX
2,0,0,0,ICT->PIA
2,0,0,0,ICT->SGF
2,2,0,2,ICT->SLC
2,0,0,0,ICT->STL
1960,270,42,312,IDA->DEN
672,128,18,146,IDA->MSP
3574,388,56,444,IDA->SLC
3982,968,48,1016,ILM->ATL
2518,480,70,550,ILM->CLT
292,118,4,122,ILM->CVG
2,2,0,2,ILM->RDU
7030,1418,60,1478,IND->ATL
436,60,6,66,IND->AUS
1174,210,32,242,IND->BDL
1900,308,70,378,IND->BOS
2006,286,4,290,IND->BWI
1270,224,12,236,IND->CLE
3174,432,38,470,IND->CLT
1014,136,14,150,IND->CVG
1936,238,40,278,IND->DCA
4178,812,6,818,IND->DEN
4174,772,104,876,IND->DFW
5116,622,60,682,IND->DTW
3434,1292,94,1386,IND->EWR
1156,186,12,198,IND->FLL
2550,636,38,674,IND->IAH
732,158,4,162,IND->JAX
234,32,6,38,IND->JFK
3350,640,8,648,IND->LAS
1096,304,2,306,IND->LAX
2662,710,186,896,IND->LGA
2138,404,28,432,IND->MCI
4596,656,16,672,IND->MCO
2666,346,16,362,IND->MDW
2132,362,8,370,IND->MEM
426,108,8,116,IND->MIA
1476,220,38,258,IND->MKE
3400,506,26,532,IND->MSP
20,0,0,0,IND->MSY
8204,2306,436,2742,IND->ORD
990,230,58,288,IND->PHL
2914,568,8,576,IND->PHX
2,2,0,2,IND->PIT
1346,204,28,232,IND->RDU
2114,330,4,334,IND->RSW
472,116,8,124,IND->SAT
150,56,0,56,IND->SEA
346,110,8,118,IND->SFO
310,40,0,40,IND->SRQ
3174,438,12,450,IND->TPA
2,0,0,0,IND->XNA
144,0,2,2,INL->MSP
1292,136,26,162,IPL->LAX
686,64,2,66,IPL->YUM
430,100,18,118,ISP->ATL
4876,800,16,816,ISP->BWI
2174,340,10,350,ISP->FLL
732,112,4,116,ISP->LAS
4210,592,42,634,ISP->MCO
2854,546,26,572,ISP->MDW
2180,358,8,366,ISP->PBI
750,80,8,88,ISP->RSW
2160,406,8,414,ISP->TPA
264,90,22,112,ITH->DTW
14772,1468,98,1566,ITO->HNL
598,12,0,12,ITO->KOA
732,22,0,22,ITO->OGG
2,0,0,0,IYK->BFL
1912,122,84,206,IYK->LAX
2,0,0,0,IYK->PSP
236,76,6,82,JAC->ATL
26,6,2,8,JAC->CVG
2886,632,42,674,JAC->DEN
428,108,10,118,JAC->DFW
2,0,0,0,JAC->IDA
30,6,2,8,JAC->LAX
234,16,0,16,JAC->MSP
720,320,26,346,JAC->ORD
2970,420,104,524,JAC->SLC
5408,1244,92,1336,JAN->ATL
1332,180,8,188,JAN->BWI
242,30,4,34,JAN->CVG
586,120,10,130,JAN->DCA
5210,782,122,904,JAN->DFW
1378,192,32,224,JAN->DTW
242,40,4,44,JAN->EWR
2690,448,50,498,JAN->HOU
3442,488,102,590,JAN->IAH
762,80,4,84,JAN->MCO
1354,194,14,208,JAN->MDW
2150,298,60,358,JAN->MEM
422,176,10,186,JAN->ORD
11312,2092,140,2232,JAX->ATL
458,70,4,74,JAX->AUS
732,50,0,50,JAX->BHM
2746,422,8,430,JAX->BNA
1304,342,30,372,JAX->BOS
2132,330,8,338,JAX->BWI
288,62,16,78,JAX->CLE
5040,474,40,514,JAX->CLT
2220,326,28,354,JAX->CVG
1792,188,22,210,JAX->DCA
236,68,0,68,JAX->DEN
2732,534,66,600,JAX->DFW
1016,232,0,232,JAX->DTW
3162,1076,78,1154,JAX->EWR
3618,548,22,570,JAX->FLL
732,136,12,148,JAX->HOU
1486,448,72,520,JAX->IAD
3082,608,46,654,JAX->IAH
732,26,2,28,JAX->IND
2136,492,52,544,JAX->JFK
472,56,2,58,JAX->LAS
6,6,0,6,JAX->LAX
2588,902,136,1038,JAX->LGA
452,96,4,100,JAX->MCI
1742,320,32,352,JAX->MEM
436,130,14,144,JAX->MIA
400,48,2,50,JAX->MSP
940,136,8,144,JAX->MSY
3408,838,78,916,JAX->ORD
1424,162,2,164,JAX->ORF
3314,626,42,668,JAX->PHL
4,0,0,0,JAX->PIR
1192,278,18,296,JAX->RDU
2034,260,6,266,JAX->TPA
2,0,0,0,JAX->TYS
468,130,30,160,JFK->ACK
728,174,32,206,JFK->ALB
4558,1334,60,1394,JFK->ATL
2712,784,66,850,JFK->AUS
1262,284,68,352,JFK->BDL
676,128,20,148,JFK->BGR
926,216,40,256,JFK->BNA
15026,4278,658,4936,JFK->BOS
1322,204,8,212,JFK->BQN
4414,1064,148,1212,JFK->BTV
7348,1680,206,1886,JFK->BUF
2732,712,32,744,JFK->BUR
2246,616,138,754,JFK->BWI
2,0,0,0,JFK->CHS
2784,762,168,930,JFK->CLE
3666,1086,160,1246,JFK->CLT
1142,258,44,302,JFK->CMH
2692,720,132,852,JFK->CVG
5882,1712,320,2032,JFK->DCA
2164,660,34,694,JFK->DEN
1668,566,90,656,JFK->DFW
3696,1122,122,1244,JFK->DTW
28,24,0,24,JFK->EGE
9392,2852,126,2978,JFK->FLL
26,8,0,8,JFK->HDN
1886,472,56,528,JFK->HOU
2,0,0,0,JFK->HPN
4598,1164,146,1310,JFK->IAD
1944,542,50,592,JFK->IAH
250,82,34,116,JFK->IND
2134,582,44,626,JFK->JAX
8942,2410,106,2516,JFK->LAS
16156,4884,212,5096,JFK->LAX
4,4,0,4,JFK->LGA
3082,870,38,908,JFK->LGB
10746,2904,142,3046,JFK->MCO
5474,2340,96,2436,JFK->MIA
2882,1090,72,1162,JFK->MSP
2140,622,54,676,JFK->MSY
2354,664,34,698,JFK->OAK
494,138,16,154,JFK->ONT
7344,2650,378,3028,JFK->ORD
554,144,60,204,JFK->ORF
5068,1362,66,1428,JFK->PBI
1360,394,24,418,JFK->PDX
1174,376,86,462,JFK->PHL
4508,1182,42,1224,JFK->PHX
4488,1410,232,1642,JFK->PIT
692,160,10,170,JFK->PSE
1206,284,76,360,JFK->PVD
3648,938,126,1064,JFK->PWM
8298,2368,300,2668,JFK->RDU
3388,922,138,1060,JFK->RIC
4850,1256,166,1422,JFK->ROC
3786,926,62,988,JFK->RSW
3260,904,34,938,JFK->SAN
3710,1070,42,1112,JFK->SEA
13182,4502,230,4732,JFK->SFO
960,256,14,270,JFK->SJC
7130,2124,94,2218,JFK->SJU
3590,1056,20,1076,JFK->SLC
682,206,12,218,JFK->SMF
1068,178,10,188,JFK->SRQ
1590,572,86,658,JFK->STL
732,186,20,206,JFK->STT
3648,960,124,1084,JFK->SYR
6780,1790,136,1926,JFK->TPA
264,72,2,74,JFK->TUS
2326,558,64,622,JNU->ANC
170,42,4,46,JNU->GST
728,108,12,120,JNU->KTN
726,222,22,244,JNU->PSG
2418,496,34,530,JNU->SEA
1726,448,48,496,JNU->SIT
726,218,26,244,JNU->YAK
90,22,0,22,KOA->DEN
18076,1596,84,1680,KOA->HNL
2080,498,16,514,KOA->LAX
110,12,0,12,KOA->LIH
8,4,0,4,KOA->OAK
1586,32,2,34,KOA->OGG
442,82,4,86,KOA->ORD
660,86,14,100,KOA->PHX
46,6,0,6,KOA->SAN
822,210,6,216,KOA->SEA
1426,374,20,394,KOA->SFO
74,18,0,18,KOA->SNA
724,172,34,206,KTN->JNU
2578,516,72,588,KTN->SEA
730,208,10,218,KTN->SIT
728,176,20,196,KTN->WRG
972,152,16,168,LAN->CVG
3282,522,52,574,LAN->DTW
314,70,6,76,LAN->MSP
2818,866,260,1126,LAN->ORD
4816,864,36,900,LAS->ABQ
732,222,4,226,LAS->ALB
734,142,0,142,LAS->AMA
476,122,4,126,LAS->ANC
9522,1580,44,1624,LAS->ATL
2464,392,6,398,LAS->AUS
732,208,2,210,LAS->BDL
204,42,4,46,LAS->BFL
732,138,2,140,LAS->BHM
102,22,0,22,LAS->BMI
2402,372,4,376,LAS->BNA
1510,252,4,256,LAS->BOI
2766,528,30,558,LAS->BOS
1176,244,4,248,LAS->BUF
10308,2000,140,2140,LAS->BUR
3256,668,10,678,LAS->BWI
86,8,0,8,LAS->CAK
3334,548,28,576,LAS->CLE
3460,566,40,606,LAS->CLT
2702,518,12,530,LAS->CMH
196,44,2,46,LAS->COS
1840,186,16,202,LAS->CVG
84,8,0,8,LAS->DAY
732,176,16,192,LAS->DCA
16330,2990,140,3130,LAS->DEN
9918,2046,182,2228,LAS->DFW
4072,736,24,760,LAS->DTW
2084,380,12,392,LAS->ELP
324,116,14,130,LAS->EUG
4682,1154,42,1196,LAS->EWR
4202,722,84,806,LAS->FAT
1354,266,6,272,LAS->FLL
182,26,0,26,LAS->FNT
1506,464,12,476,LAS->GEG
1464,272,2,274,LAS->HNL
2922,470,58,528,LAS->HOU
3250,636,24,660,LAS->IAD
5356,668,58,726,LAS->IAH
3348,596,6,602,LAS->IND
732,228,8,236,LAS->ISP
472,114,4,118,LAS->JAX
8962,2090,92,2182,LAS->JFK
23458,4798,444,5242,LAS->LAX
732,114,0,114,LAS->LBB
1708,316,12,328,LAS->LGB
764,86,0,86,LAS->LIT
732,122,0,122,LAS->MAF
3826,524,18,542,LAS->MCI
2152,400,10,410,LAS->MCO
7672,1166,194,1360,LAS->MDW
746,82,6,88,LAS->MEM
278,82,18,100,LAS->MFR
730,172,4,176,LAS->MHT
1574,174,14,188,LAS->MIA
1060,140,4,144,LAS->MKE
100,18,0,18,LAS->MLI
28,8,0,8,LAS->MRY
4928,748,14,762,LAS->MSP
1452,288,18,306,LAS->MSY
9386,1646,104,1750,LAS->OAK
942,178,8,186,LAS->OKC
2176,288,6,294,LAS->OMA
7002,1320,46,1366,LAS->ONT
10470,2840,164,3004,LAS->ORD
730,186,2,188,LAS->ORF
124,36,0,36,LAS->PBI
7136,1502,80,1582,LAS->PDX
5658,1242,42,1284,LAS->PHL
21252,3380,640,4020,LAS->PHX
2822,502,8,510,LAS->PIT
2560,214,46,260,LAS->PSP
730,224,4,228,LAS->PVD
1448,274,2,276,LAS->RDU
8984,1940,70,2010,LAS->RNO
166,30,0,30,LAS->ROC
11790,2386,188,2574,LAS->SAN
3146,496,16,512,LAS->SAT
610,154,16,170,LAS->SBA
256,74,14,88,LAS->SBP
732,236,4,240,LAS->SDF
10130,2238,74,2312,LAS->SEA
13988,3710,202,3912,LAS->SFO
8296,1648,88,1736,LAS->SJC
10756,1872,92,1964,LAS->SLC
8108,1594,52,1646,LAS->SMF
8230,1224,154,1378,LAS->SNA
3294,660,30,690,LAS->STL
2350,406,10,416,LAS->TPA
780,128,2,130,LAS->TUL
4036,766,12,778,LAS->TUS
198,24,6,30,LAS->YUM
1086,196,14,210,LAW->ATL
3652,424,100,524,LAW->DFW
4830,780,12,792,LAX->ABQ
478,76,4,80,LAX->ANC
648,130,18,148,LAX->ASE
10804,1926,34,1960,LAX->ATL
3464,396,24,420,LAX->AUS
264,30,0,30,LAX->BDL
1804,260,14,274,LAX->BFL
2836,552,18,570,LAX->BNA
1970,292,6,298,LAX->BOI
4882,1082,46,1128,LAX->BOS
1794,430,22,452,LAX->BWI
26,0,0,0,LAX->BZN
4516,418,56,474,LAX->CLD
2106,446,6,452,LAX->CLE
2920,404,16,420,LAX->CLT
98,30,0,30,LAX->CMH
1988,230,14,244,LAX->COS
2288,290,14,304,LAX->CVG
732,208,0,208,LAX->DCA
17788,3542,236,3778,LAX->DEN
13142,2418,328,2746,LAX->DFW
354,60,2,62,LAX->DSM
3944,516,6,522,LAX->DTW
214,104,0,104,LAX->EGE
2152,320,0,320,LAX->ELP
610,84,2,86,LAX->EUG
6498,1852,94,1946,LAX->EWR
8090,942,76,1018,LAX->FAT
746,166,0,166,LAX->FLL
856,206,0,206,LAX->GEG
16,0,0,0,LAX->GJT
9928,2054,30,2084,LAX->HNL
2852,496,46,542,LAX->HOU
7672,1580,110,1690,LAX->IAD
7698,1240,72,1312,LAX->IAH
372,72,6,78,LAX->ICT
1096,170,4,174,LAX->IND
1320,122,12,134,LAX->IPL
1908,112,68,180,LAX->IYK
30,4,0,4,LAX->JAC
4,2,0,2,LAX->JAX
16116,4212,198,4410,LAX->JFK
2076,454,8,462,LAX->KOA
23546,3896,424,4320,LAX->LAS
2134,448,10,458,LAX->LIH
2676,426,8,434,LAX->MCI
3450,528,12,540,LAX->MCO
4776,864,78,942,LAX->MDW
1458,122,6,128,LAX->MEM
2,0,0,0,LAX->MFR
4990,1172,22,1194,LAX->MIA
710,108,2,110,LAX->MKE
1318,158,14,172,LAX->MOD
5526,694,46,740,LAX->MRY
4784,768,14,782,LAX->MSP
1860,302,22,324,LAX->MSY
36,6,0,6,LAX->MTJ
15166,2528,394,2922,LAX->OAK
4108,694,6,700,LAX->OGG
1002,90,2,92,LAX->OKC
48,16,4,20,LAX->ONT
14666,4108,372,4480,LAX->ORD
2582,262,40,302,LAX->OXR
7006,1340,62,1402,LAX->PDX
4492,800,30,830,LAX->PHL
19794,3144,366,3510,LAX->PHX
746,98,6,104,LAX->PIT
5192,686,36,722,LAX->PSP
16,8,0,8,LAX->RDU
3796,650,28,678,LAX->RNO
2,0,0,0,LAX->RSW
22514,2208,256,2464,LAX->SAN
3562,612,14,626,LAX->SAT
9108,834,98,932,LAX->SBA
5368,586,30,616,LAX->SBP
13752,3104,142,3246,LAX->SEA
26780,6982,910,7892,LAX->SFO
1444,206,4,210,LAX->SGU
17816,2720,318,3038,LAX->SJC
288,82,0,82,LAX->SJU
10356,1652,68,1720,LAX->SLC
11384,1904,62,1966,LAX->SMF
3358,364,54,418,LAX->SMX
64,20,8,28,LAX->SNA
3372,558,50,608,LAX->STL
1032,136,6,142,LAX->TPA
146,12,0,12,LAX->TUL
8282,1172,20,1192,LAX->TUS
718,138,20,158,LAX->XNA
2060,180,10,190,LAX->YUM
732,208,0,208,LBB->ABQ
1380,112,0,112,LBB->AUS
5358,790,36,826,LBB->DAL
6030,1210,146,1356,LBB->DFW
728,46,0,46,LBB->ELP
1538,272,26,298,LBB->IAH
732,116,0,116,LBB->LAS
2000,282,90,372,LCH->IAH
4434,804,88,892,LEX->ATL
28,2,0,2,LEX->CLE
2,2,0,2,LEX->COS
3078,410,76,486,LEX->CVG
2,0,0,0,LEX->DAY
608,64,14,78,LEX->DCA
1814,284,40,324,LEX->DFW
3312,444,100,544,LEX->DTW
780,310,28,338,LEX->EWR
1292,364,30,394,LEX->IAH
822,152,34,186,LEX->LGA
78,4,2,6,LEX->MCO
504,62,6,68,LEX->MEM
3934,802,170,972,LEX->ORD
1990,474,40,514,LFT->ATL
2364,384,90,474,LFT->DFW
5404,928,200,1128,LFT->IAH
14,4,0,4,LGA->AGS
21014,5898,870,6768,LGA->ATL
1182,380,60,440,LGA->BHM
2434,656,84,740,LGA->BNA
24070,3522,1634,5156,LGA->BOS
1218,446,58,504,LGA->CAE
1586,518,46,564,LGA->CAK
2828,828,182,1010,LGA->CHS
312,40,18,58,LGA->CID
5840,1804,302,2106,LGA->CLE
9916,2372,288,2660,LGA->CLT
4700,1322,238,1560,LGA->CMH
7270,1762,446,2208,LGA->CVG
318,134,12,146,LGA->DAB
22126,3144,1504,4648,LGA->DCA
5940,2018,100,2118,LGA->DEN
10744,3004,614,3618,LGA->DFW
1410,354,72,426,LGA->DSM
9202,2222,216,2438,LGA->DTW
32,12,0,12,LGA->EGE
6304,1904,116,2020,LGA->FLL
784,246,90,336,LGA->FNT
726,164,92,256,LGA->GRR
1854,546,116,662,LGA->GSO
1218,386,86,472,LGA->GSP
30,8,0,8,LGA->HDN
138,64,10,74,LGA->HSV
2206,574,186,760,LGA->IAD
6836,1880,172,2052,LGA->IAH
2662,628,160,788,LGA->IND
2570,912,138,1050,LGA->JAX
830,230,72,302,LGA->LEX
6316,1838,106,1944,LGA->MCO
3210,968,54,1022,LGA->MEM
7172,2572,146,2718,LGA->MIA
1184,378,12,390,LGA->MKE
4,2,0,2,LGA->MLB
1240,412,88,500,LGA->MSN
5438,1416,180,1596,LGA->MSP
1024,196,28,224,LGA->MSY
246,120,4,124,LGA->MYR
21724,6812,1704,8516,LGA->ORD
3868,1146,70,1216,LGA->PBI
1540,474,42,516,LGA->PHF
2,0,0,0,LGA->PHL
2594,526,74,600,LGA->PIT
8846,2528,300,2828,LGA->RDU
2672,706,156,862,LGA->RIC
476,118,8,126,LGA->RSW
1990,674,98,772,LGA->SAV
1142,364,26,390,LGA->SDF
48,0,2,2,LGA->SLC
148,80,10,90,LGA->SRQ
3208,750,162,912,LGA->STL
18,4,0,4,LGA->STT
2928,910,110,1020,LGA->TPA
100,26,8,34,LGA->TVC
1284,396,112,508,LGA->TYS
4,2,0,2,LGA->VPS
1530,458,24,482,LGA->XNA
490,118,4,122,LGB->AUS
1578,292,14,306,LGB->BOS
862,30,0,30,LGB->FAT
664,104,4,108,LGB->FLL
2,0,0,0,LGB->GEG
1512,226,8,234,LGB->IAD
3088,760,44,804,LGB->JFK
1706,252,8,260,LGB->LAS
872,46,2,48,LGB->MRY
3262,472,22,494,LGB->OAK
2,2,0,2,LGB->ONT
1200,374,18,392,LGB->ORD
284,66,6,72,LGB->PDX
3246,284,36,320,LGB->PHX
918,124,10,134,LGB->RNO
2998,480,34,514,LGB->SEA
420,160,16,176,LGB->SFO
1322,172,14,186,LGB->SJC
5000,546,18,564,LGB->SLC
1458,194,10,204,LGB->SMF
2,0,0,0,LGB->TWF
90,18,4,22,LIH->DEN
20814,1654,152,1806,LIH->HNL
108,14,2,16,LIH->KOA
2138,424,22,446,LIH->LAX
852,42,2,44,LIH->OGG
560,56,10,66,LIH->PHX
62,6,0,6,LIH->SAN
732,38,8,46,LIH->SEA
966,244,6,250,LIH->SFO
46,6,0,6,LIH->SNA
5052,1274,84,1358,LIT->ATL
732,182,0,182,LIT->BWI
78,2,6,8,LIT->CLT
98,10,0,10,LIT->CVG
4654,856,26,882,LIT->DAL
236,58,10,68,LIT->DEN
6490,1386,194,1580,LIT->DFW
722,128,26,154,LIT->DTW
662,82,20,102,LIT->EWR
730,88,8,96,LIT->HOU
2206,482,64,546,LIT->IAH
764,174,0,174,LIT->LAS
2,0,0,0,LIT->MCO
766,112,2,114,LIT->MDW
1774,332,28,360,LIT->MEM
314,44,10,54,LIT->MSP
3612,930,164,1094,LIT->ORD
470,24,0,24,LIT->PHX
2,2,0,2,LIT->SAT
36,10,0,10,LIT->SLC
1338,200,4,204,LIT->STL
2,0,0,0,LMT->MFR
324,110,16,126,LMT->PDX
696,190,20,210,LMT->SFO
2,0,0,0,LNK->ABE
2,0,0,0,LNK->CRW
2408,390,14,404,LNK->DEN
640,108,32,140,LNK->DTW
2,0,0,0,LNK->LAN
212,14,6,20,LNK->MSP
2806,630,130,760,LNK->ORD
2,2,0,2,LNK->PIA
2802,514,48,562,LRD->DFW
1428,148,32,180,LRD->IAH
868,100,30,130,LSE->MSP
3142,754,192,946,LSE->ORD
370,78,4,82,LWB->ATL
2,0,0,0,LWS->BOI
2,0,0,0,LWS->IDA
1300,82,4,86,LWS->SLC
1250,166,30,196,LYH->ATL
732,36,2,38,MAF->ABQ
942,84,4,88,MAF->AUS
3990,722,16,738,MAF->DAL
3556,656,66,722,MAF->DFW
1352,200,20,220,MAF->HOU
2374,486,54,540,MAF->IAH
732,160,2,162,MAF->LAS
2920,284,66,350,MBS->DTW
234,10,0,10,MBS->MSP
2682,700,250,950,MBS->ORD
1340,238,2,240,MCI->ABQ
8280,1322,84,1406,MCI->ATL
918,174,24,198,MCI->AUS
2634,432,0,432,MCI->BNA
2050,272,4,276,MCI->BWI
2438,446,32,478,MCI->CLE
2364,278,54,332,MCI->CLT
328,34,14,48,MCI->CMH
356,106,8,114,MCI->COS
2982,496,36,532,MCI->CVG
7886,1610,170,1780,MCI->DAL
10512,1986,86,2072,MCI->DEN
5754,1060,166,1226,MCI->DFW
2504,494,8,502,MCI->DTW
3598,1212,200,1412,MCI->EWR
120,22,0,22,MCI->FLL
454,128,30,158,MCI->IAD
5054,880,80,960,MCI->IAH
2,0,0,0,MCI->ICT
2148,390,28,418,MCI->IND
458,72,6,78,MCI->JAX
3852,712,14,726,MCI->LAS
2662,530,8,538,MCI->LAX
2,2,0,2,MCI->LNK
2698,262,10,272,MCI->MCO
7700,1494,88,1582,MCI->MDW
2010,272,26,298,MCI->MEM
2,0,0,0,MCI->MGM
130,12,2,14,MCI->MIA
6,2,0,2,MCI->MKE
500,118,20,138,MCI->MSN
4272,664,52,716,MCI->MSP
924,150,16,166,MCI->MSY
1372,298,8,306,MCI->OAK
2256,418,4,422,MCI->OKC
6,4,2,6,MCI->OMA
602,132,2,134,MCI->ONT
7674,1986,286,2272,MCI->ORD
732,186,6,192,MCI->PDX
4330,780,26,806,MCI->PHX
532,90,10,100,MCI->PIT
1304,256,24,280,MCI->RDU
10,4,0,4,MCI->RSW
1378,220,0,220,MCI->SAN
1154,340,20,360,MCI->SAT
730,160,2,162,MCI->SEA
2108,362,8,370,MCI->SLC
612,132,0,132,MCI->SMF
3526,584,14,598,MCI->STL
1390,196,0,196,MCI->TPA
1620,404,2,406,MCI->TUL
466,84,0,84,MCI->TUS
1304,270,60,330,MCN->ATL
1452,198,4,202,MCO->ABQ
2080,284,16,300,MCO->ALB
19222,3830,102,3932,MCO->ATL
1264,182,0,182,MCO->AUS
94,6,2,8,MCO->AVL
3516,514,24,538,MCO->BDL
2428,446,6,452,MCO->BHM
346,28,0,28,MCO->BMI
3564,516,18,534,MCO->BNA
6956,1488,82,1570,MCO->BOS
984,224,8,232,MCO->BQN
692,130,2,132,MCO->BTV
3754,556,28,584,MCO->BUF
9852,1538,96,1634,MCO->BWI
742,126,2,128,MCO->CAK
3818,432,30,462,MCO->CLE
6552,884,42,926,MCO->CLT
2330,362,20,382,MCO->CMH
2608,296,14,310,MCO->CVG
832,280,2,282,MCO->DAY
3690,426,26,452,MCO->DCA
5994,1316,18,1334,MCO->DEN
8228,1930,162,2092,MCO->DFW
6954,1174,18,1192,MCO->DTW
9954,3422,88,3510,MCO->EWR
70,6,0,6,MCO->EYW
4148,766,8,774,MCO->FLL
910,266,0,266,MCO->FNT
256,46,2,48,MCO->GRR
22,4,0,4,MCO->GSO
180,58,4,62,MCO->GSP
3516,540,74,614,MCO->HOU
2968,544,22,566,MCO->HPN
496,42,4,46,MCO->HSV
8188,1372,66,1438,MCO->IAD
4998,746,42,788,MCO->IAH
4612,748,16,764,MCO->IND
4220,644,40,684,MCO->ISP
762,142,2,144,MCO->JAN
4,2,0,2,MCO->JAX
10742,2916,144,3060,MCO->JFK
2154,352,12,364,MCO->LAS
3450,830,22,852,MCO->LAX
78,10,2,12,MCO->LEX
6312,2174,112,2286,MCO->LGA
2,0,0,0,MCO->LIT
2698,390,8,398,MCO->MCI
84,2,0,2,MCO->MDT
7130,1142,114,1256,MCO->MDW
2868,454,6,460,MCO->MEM
3212,464,14,478,MCO->MHT
4390,1516,68,1584,MCO->MIA
1662,364,24,388,MCO->MKE
344,52,0,52,MCO->MLI
3858,754,4,758,MCO->MSP
3136,452,38,490,MCO->MSY
18,0,0,0,MCO->OKC
18,6,0,6,MCO->OMA
7956,2252,126,2378,MCO->ORD
1510,198,8,206,MCO->ORF
2,2,0,2,MCO->PBI
474,120,2,122,MCO->PDX
390,28,6,34,MCO->PFN
724,80,14,94,MCO->PHF
14068,2854,144,2998,MCO->PHL
2076,492,16,508,MCO->PHX
4930,724,16,740,MCO->PIT
730,32,10,42,MCO->PNS
694,152,4,156,MCO->PSE
4298,592,14,606,MCO->PVD
920,150,8,158,MCO->PWM
3310,464,16,480,MCO->RDU
1034,228,2,230,MCO->RIC
1402,224,4,228,MCO->ROC
2828,568,10,578,MCO->RSW
26,16,0,16,MCO->SAN
1488,146,2,148,MCO->SAT
1066,156,2,158,MCO->SDF
1462,390,12,402,MCO->SEA
732,172,12,184,MCO->SFO
4840,1250,28,1278,MCO->SJU
1370,246,2,248,MCO->SLC
4844,852,34,886,MCO->STL
1668,332,12,344,MCO->SWF
780,202,0,202,MCO->SYR
438,24,4,28,MCO->TLH
2,2,0,2,MCO->TPA
18,8,0,8,MCO->TUL
252,14,0,14,MCO->TYS
3578,770,40,810,MDT->ATL
2,0,0,0,MDT->AVP
2,2,0,2,MDT->BWI
116,20,0,20,MDT->CLE
2288,254,26,280,MDT->CLT
2016,266,28,294,MDT->CVG
2,2,0,2,MDT->DCA
548,176,14,190,MDT->DFW
1084,190,10,200,MDT->DTW
1874,354,70,424,MDT->IAD
4,4,0,4,MDT->LGA
84,8,0,8,MDT->MCO
394,54,12,66,MDT->MSP
3196,794,172,966,MDT->ORD
1460,280,6,286,MDW->ABQ
1458,222,24,246,MDW->ALB
6514,1466,124,1590,MDW->ATL
1426,336,8,344,MDW->AUS
2104,426,24,450,MDW->BDL
1452,320,8,328,MDW->BHM
6032,1250,72,1322,MDW->BNA
690,134,6,140,MDW->BOS
2556,536,40,576,MDW->BUF
5552,1038,72,1110,MDW->BWI
5112,1004,98,1102,MDW->CLE
26,8,0,8,MDW->CLT
5288,1004,78,1082,MDW->CMH
8650,1666,82,1748,MDW->DEN
6140,1098,114,1212,MDW->DTW
556,194,40,234,MDW->EWR
3242,570,32,602,MDW->FLL
4104,808,118,926,MDW->HOU
4130,834,46,880,MDW->IAD
2628,622,24,646,MDW->IND
2844,550,32,582,MDW->ISP
1364,340,16,356,MDW->JAN
7664,1576,166,1742,MDW->LAS
4780,1062,74,1136,MDW->LAX
766,164,2,166,MDW->LIT
7770,1840,104,1944,MDW->MCI
7136,1332,98,1430,MDW->MCO
3298,550,36,586,MDW->MHT
266,12,2,14,MDW->MIA
2952,494,78,572,MDW->MSP
782,108,10,118,MDW->MSY
3438,824,44,868,MDW->OAK
4094,828,42,870,MDW->OMA
1462,296,18,314,MDW->ORF
1782,386,14,400,MDW->PDX
5328,1182,128,1310,MDW->PHL
5600,1216,72,1288,MDW->PHX
4074,778,36,814,MDW->PIT
2760,490,18,508,MDW->PVD
2706,566,28,594,MDW->RDU
730,136,6,142,MDW->RNO
2190,392,22,414,MDW->RSW
3416,808,42,850,MDW->SAN
1400,296,14,310,MDW->SAT
3380,758,28,786,MDW->SDF
2662,556,16,572,MDW->SEA
2166,516,22,538,MDW->SFO
1316,304,8,312,MDW->SJC
2006,462,10,472,MDW->SLC
1372,366,12,378,MDW->SMF
1130,224,16,240,MDW->SRQ
7568,1652,174,1826,MDW->STL
4462,736,76,812,MDW->TPA
1454,346,12,358,MDW->TUS
1348,302,24,326,MEI->ATL
9740,2006,190,2196,MEM->ATL
1670,298,38,336,MEM->AUS
98,22,0,22,MEM->BDL
1782,250,22,272,MEM->BHM
2048,308,36,344,MEM->BNA
398,130,20,150,MEM->BOS
1996,292,60,352,MEM->BTR
1566,232,12,244,MEM->BWI
1412,224,44,268,MEM->CAE
1258,176,58,234,MEM->CHA
1418,238,28,266,MEM->CHS
2410,330,36,366,MEM->CLE
5152,1058,62,1120,MEM->CLT
2144,294,34,328,MEM->CMH
234,24,0,24,MEM->COS
2450,296,64,360,MEM->CVG
2086,346,18,364,MEM->DCA
3462,842,24,866,MEM->DEN
4916,894,270,1164,MEM->DFW
1626,268,26,294,MEM->DSM
4410,666,4,670,MEM->DTW
1808,212,58,270,MEM->EVV
2340,1082,68,1150,MEM->EWR
958,282,2,284,MEM->FLL
958,78,56,134,MEM->FSM
2176,332,20,352,MEM->GPT
724,142,14,156,MEM->GRR
2086,356,30,386,MEM->GSO
2176,360,44,404,MEM->GSP
2166,334,52,386,MEM->HSV
6158,1238,142,1380,MEM->IAH
2186,392,28,420,MEM->ICT
2116,382,8,390,MEM->IND
2164,264,54,318,MEM->JAN
1742,320,24,344,MEM->JAX
744,208,6,214,MEM->LAS
2190,654,10,664,MEM->LAX
504,70,4,74,MEM->LEX
3216,1292,60,1352,MEM->LGA
1772,324,24,348,MEM->LIT
1962,274,18,292,MEM->MCI
2864,552,8,560,MEM->MCO
2182,248,70,318,MEM->MGM
1570,392,18,410,MEM->MIA
1488,242,14,256,MEM->MKE
1336,192,30,222,MEM->MLI
2188,360,66,426,MEM->MOB
718,106,16,122,MEM->MSN
5690,974,18,992,MEM->MSP
2008,398,30,428,MEM->MSY
1880,334,30,364,MEM->OKC
1498,296,26,322,MEM->OMA
7538,2114,342,2456,MEM->ORD
482,64,0,64,MEM->ORF
2190,364,36,400,MEM->PFN
2078,504,72,576,MEM->PHL
1634,426,14,440,MEM->PHX
2004,264,20,284,MEM->PIT
2194,328,52,380,MEM->PNS
2124,324,20,344,MEM->RDU
584,124,6,130,MEM->RIC
116,32,0,32,MEM->RSW
218,68,2,70,MEM->SAN
1662,368,2,370,MEM->SAT
1530,140,10,150,MEM->SAV
1572,232,26,258,MEM->SDF
698,274,4,278,MEM->SEA
416,146,0,146,MEM->SFO
2160,298,76,374,MEM->SGF
2188,300,76,376,MEM->SHV
52,18,0,18,MEM->SJU
2098,336,28,364,MEM->STL
2188,346,46,392,MEM->TLH
1722,388,0,388,MEM->TPA
88,18,0,18,MEM->TRI
2188,354,44,398,MEM->TUL
2192,344,22,366,MEM->TYS
2090,352,10,362,MEM->VPS
2082,278,30,308,MEM->XNA
20,4,0,4,MFE->ATL
2882,408,112,520,MFE->DFW
5330,690,116,806,MFE->IAH
730,62,8,70,MFR->DEN
278,28,12,40,MFR->LAS
2,2,0,2,MFR->MOD
2,0,0,0,MFR->OTH
3086,324,48,372,MFR->PDX
608,68,22,90,MFR->PHX
2,0,0,0,MFR->RDD
2,0,0,0,MFR->RDM
2,2,0,2,MFR->SBA
5142,1256,140,1396,MFR->SFO
1448,96,10,106,MFR->SLC
2,0,0,0,MFR->TWF
5028,1124,54,1178,MGM->ATL
492,96,6,102,MGM->IAH
2182,316,80,396,MGM->MEM
1392,544,30,574,MHT->ATL
8,6,0,6,MHT->BOS
7256,1108,48,1156,MHT->BWI
2424,526,46,572,MHT->CLE
1446,146,16,162,MHT->CLT
1554,326,34,360,MHT->CVG
576,38,18,56,MHT->DCA
1692,260,28,288,MHT->DTW
2706,938,144,1082,MHT->EWR
492,36,0,36,MHT->FLL
1168,206,34,240,MHT->IAD
732,126,0,126,MHT->LAS
3210,552,10,562,MHT->MCO
3286,570,22,592,MHT->MDW
2290,618,80,698,MHT->ORD
4730,1114,84,1198,MHT->PHL
730,146,0,146,MHT->PHX
1484,264,2,266,MHT->TPA
13246,3020,162,3182,MIA->ATL
732,268,6,274,MIA->BDL
1462,342,14,356,MIA->BNA
4386,1474,50,1524,MIA->BOS
1858,472,10,482,MIA->BWI
798,166,8,174,MIA->CLE
5940,858,36,894,MIA->CLT
940,134,14,148,MIA->CMH
2090,436,28,464,MIA->CVG
5964,1470,48,1518,MIA->DCA
1618,586,2,588,MIA->DEN
6692,1868,68,1936,MIA->DFW
2456,476,16,492,MIA->DTW
86,28,2,30,MIA->EGE
5746,1864,86,1950,MIA->EWR
2,0,0,0,MIA->FLL
1038,126,20,146,MIA->GSO
1148,282,12,294,MIA->IAD
5468,1126,100,1226,MIA->IAH
422,62,10,72,MIA->IND
434,106,12,118,MIA->JAX
5486,2340,106,2446,MIA->JFK
1574,580,10,590,MIA->LAS
4988,1826,16,1842,MIA->LAX
7174,2850,146,2996,MIA->LGA
130,28,2,30,MIA->MCI
4390,1672,66,1738,MIA->MCO
266,68,0,68,MIA->MDW
1570,274,12,286,MIA->MEM
1814,442,0,442,MIA->MSP
2196,546,48,594,MIA->MSY
6686,2650,94,2744,MIA->ORD
304,114,8,122,MIA->ORF
4406,1328,28,1356,MIA->PHL
732,270,12,282,MIA->PHX
348,44,2,46,MIA->PIT
2196,634,16,650,MIA->RDU
302,66,6,72,MIA->RIC
730,132,8,140,MIA->SDF
732,184,4,188,MIA->SEA
2194,750,26,776,MIA->SFO
5118,2204,124,2328,MIA->SJU
1464,454,10,464,MIA->STL
1464,558,12,570,MIA->STT
698,166,6,172,MIA->STX
1664,214,62,276,MIA->TLH
3658,812,22,834,MIA->TPA
308,54,24,78,MIA->XNA
2,0,0,0,MKE->ABE
7212,1638,182,1820,MKE->ATL
2060,378,66,444,MKE->ATW
2,0,0,0,MKE->AVP
1078,196,20,216,MKE->BDL
2,0,0,0,MKE->BHM
1542,254,24,278,MKE->BNA
416,96,4,100,MKE->BOS
2586,384,34,418,MKE->BWI
4452,690,124,814,MKE->CLE
490,138,12,150,MKE->CLT
2108,434,38,472,MKE->CMH
1680,302,32,334,MKE->CVG
570,128,0,128,MKE->CWA
1216,182,30,212,MKE->DAY
244,74,0,74,MKE->DCA
2898,582,38,620,MKE->DEN
1494,388,40,428,MKE->DFW
1446,296,22,318,MKE->DSM
3810,494,68,562,MKE->DTW
5048,1978,306,2284,MKE->EWR
2,0,0,0,MKE->FAR
86,38,0,38,MKE->FLL
1678,282,22,304,MKE->FNT
1548,332,40,372,MKE->GRB
2488,532,44,576,MKE->GRR
3342,792,76,868,MKE->IAH
1476,256,30,286,MKE->IND
1062,260,10,270,MKE->LAS
710,262,4,266,MKE->LAX
1180,532,12,544,MKE->LGA
4,2,0,2,MKE->MCI
1660,334,26,360,MKE->MCO
1468,258,26,284,MKE->MEM
528,128,2,130,MKE->MKG
714,250,40,290,MKE->MQT
2588,536,88,624,MKE->MSN
6928,1370,120,1490,MKE->MSP
1406,370,36,406,MKE->OMA
7082,1684,566,2250,MKE->ORD
1550,446,64,510,MKE->PHL
1734,322,38,360,MKE->PHX
2164,492,50,542,MKE->PIT
980,218,20,238,MKE->RDU
452,98,14,112,MKE->RSW
212,24,0,24,MKE->SAN
516,86,6,92,MKE->SDF
244,104,0,104,MKE->SEA
230,154,8,162,MKE->SFO
12,2,2,4,MKE->SLC
640,114,10,124,MKE->STL
356,82,6,88,MKE->TPA
4,0,0,0,MKE->TUS
218,84,2,86,MKG->FNT
48,28,0,28,MKG->GRR
526,36,8,44,MKG->MKE
4000,938,86,1024,MLB->ATL
4,0,0,0,MLB->LGA
5184,1074,90,1164,MLI->ATL
1438,294,28,322,MLI->DEN
1174,226,26,252,MLI->DFW
1510,234,28,262,MLI->DTW
102,4,0,4,MLI->LAS
344,64,2,66,MLI->MCO
1338,194,44,238,MLI->MEM
884,120,42,162,MLI->MSP
5160,1278,316,1594,MLI->ORD
1966,462,34,496,MLU->ATL
1932,222,68,290,MLU->DFW
1162,160,46,206,MLU->IAH
4450,1098,92,1190,MOB->ATL
2798,406,102,508,MOB->DFW
2840,440,102,542,MOB->IAH
2188,292,92,384,MOB->MEM
420,142,18,160,MOB->ORD
2,0,0,0,MOD->BFL
1358,138,16,154,MOD->LAX
2,0,0,0,MOD->ONT
2,0,0,0,MOD->RNO
3286,892,156,1048,MOD->SFO
2170,230,24,254,MOT->MSP
644,86,34,120,MQT->GRB
712,126,28,154,MQT->MKE
626,152,18,170,MQT->ORD
730,58,16,74,MRY->DEN
28,4,2,6,MRY->LAS
5516,774,124,898,MRY->LAX
870,72,6,78,MRY->LGB
492,50,2,52,MRY->ONT
1820,210,34,244,MRY->PHX
890,130,8,138,MRY->SAN
4856,1180,208,1388,MRY->SFO
12,4,2,6,MRY->SLC
768,172,24,196,MSN->ATL
2,0,0,0,MSN->ATW
634,188,22,210,MSN->CLE
518,96,10,106,MSN->CVG
574,96,20,116,MSN->DCA
1886,384,34,418,MSN->DEN
1894,390,64,454,MSN->DFW
2,0,0,0,MSN->DSM
3206,396,52,448,MSN->DTW
626,278,38,316,MSN->EWR
1244,398,96,494,MSN->LGA
498,80,24,104,MSN->MCI
718,142,34,176,MSN->MEM
2586,340,80,420,MSN->MKE
2878,446,46,492,MSN->MSP
9886,2326,724,3050,MSN->ORD
2,0,0,0,MSN->RFD
2214,260,20,280,MSO->DEN
378,64,0,64,MSO->MSP
210,64,0,64,MSO->ORD
4,0,0,0,MSO->PIH
24,0,0,0,MSO->SFO
3682,296,28,324,MSO->SLC
1354,322,4,326,MSP->ABQ
114,24,8,32,MSP->ALB
646,100,94,194,MSP->ALO
1652,504,0,504,MSP->ANC
10738,2340,84,2424,MSP->ATL
178,28,2,30,MSP->ATW
108,26,0,26,MSP->AUS
728,114,4,118,MSP->AVL
492,74,40,114,MSP->AZO
1866,374,0,374,MSP->BDL
22,4,0,4,MSP->BGR
1640,298,0,298,MSP->BIL
2104,348,48,396,MSP->BIS
148,8,0,8,MSP->BJI
1562,314,12,326,MSP->BNA
1614,362,0,362,MSP->BOI
3126,794,16,810,MSP->BOS
150,12,2,14,MSP->BTV
458,96,0,96,MSP->BUF
2034,500,8,508,MSP->BWI
1756,456,6,462,MSP->BZN
54,14,0,14,MSP->CHS
824,180,42,222,MSP->CID
3752,612,48,660,MSP->CLE
3628,532,18,550,MSP->CLT
2152,370,12,382,MSP->CMH
636,98,70,168,MSP->CMX
898,200,0,200,MSP->COS
62,10,0,10,MSP->CPR
3520,724,62,786,MSP->CVG
26,12,0,12,MSP->CWA
1384,196,34,230,MSP->DAY
4388,966,26,992,MSP->DCA
10748,2228,50,2278,MSP->DEN
5702,1234,92,1326,MSP->DFW
2580,454,38,492,MSP->DLH
1858,344,22,366,MSP->DSM
10918,1940,20,1960,MSP->DTW
224,94,0,94,MSP->EGE
6288,2324,262,2586,MSP->EWR
410,152,0,152,MSP->FAI
3488,716,46,762,MSP->FAR
418,126,0,126,MSP->FCA
950,232,0,232,MSP->FLL
710,64,16,80,MSP->FNT
3850,788,32,820,MSP->FSD
484,64,6,70,MSP->FWA
1652,430,4,434,MSP->GEG
2742,472,34,506,MSP->GFK
2816,478,40,518,MSP->GRB
3290,692,26,718,MSP->GRR
730,104,10,114,MSP->GSO
390,80,4,84,MSP->GTF
224,58,0,58,MSP->HDN
730,98,8,106,MSP->HLN
732,154,0,154,MSP->HNL
1420,294,4,298,MSP->IAD
4902,1014,70,1084,MSP->IAH
1428,258,14,272,MSP->ICT
672,132,6,138,MSP->IDA
3322,666,10,676,MSP->IND
144,20,2,22,MSP->INL
234,58,0,58,MSP->JAC
402,90,0,90,MSP->JAX
2882,1062,72,1134,MSP->JFK
314,78,6,84,MSP->LAN
4922,1116,12,1128,MSP->LAS
4778,1350,8,1358,MSP->LAX
5446,2208,176,2384,MSP->LGA
314,60,8,68,MSP->LIT
212,22,6,28,MSP->LNK
866,132,24,156,MSP->LSE
218,44,0,44,MSP->MBS
3952,882,32,914,MSP->MCI
3862,838,4,842,MSP->MCO
394,82,14,96,MSP->MDT
2734,450,72,522,MSP->MDW
5102,890,6,896,MSP->MEM
1816,368,0,368,MSP->MIA
7238,1566,120,1686,MSP->MKE
900,140,38,178,MSP->MLI
2170,416,14,430,MSP->MOT
2876,558,40,598,MSP->MSN
378,102,0,102,MSP->MSO
54,8,0,8,MSP->MYR
1084,186,22,208,MSP->OKC
2354,500,16,516,MSP->OMA
18712,4614,776,5390,MSP->ORD
244,70,6,76,MSP->ORF
3002,734,16,750,MSP->PDX
3418,922,24,946,MSP->PHL
7030,1560,32,1592,MSP->PHX
6,2,0,2,MSP->PIR
2012,402,20,422,MSP->PIT
428,106,0,106,MSP->PSP
12,2,0,2,MSP->PVD
84,6,0,6,MSP->PWM
1754,340,34,374,MSP->RAP
1452,290,4,294,MSP->RDU
442,68,24,92,MSP->RHI
678,102,14,116,MSP->RIC
268,58,12,70,MSP->ROC
1762,296,84,380,MSP->RST
1294,310,0,310,MSP->RSW
2660,782,0,782,MSP->SAN
380,102,0,102,MSP->SAT
54,14,0,14,MSP->SAV
730,132,16,148,MSP->SBN
1414,264,24,288,MSP->SDF
4950,1356,32,1388,MSP->SEA
3818,1426,6,1432,MSP->SFO
718,128,34,162,MSP->SGF
1386,338,0,338,MSP->SJC
52,18,0,18,MSP->SJU
4394,866,16,882,MSP->SLC
1618,460,0,460,MSP->SMF
2074,380,0,380,MSP->SNA
2,0,0,0,MSP->SPI
3252,612,52,664,MSP->STL
242,40,18,58,MSP->SUX
2010,446,0,446,MSP->TPA
1434,242,18,260,MSP->TUL
878,188,0,188,MSP->TUS
692,138,18,156,MSP->TVC
730,152,4,156,MSP->TYS
1354,232,28,260,MSP->XNA
9390,1972,184,2156,MSY->ATL
886,108,4,112,MSY->AUS
2024,226,24,250,MSY->BHM
2020,174,32,206,MSY->BNA
508,90,16,106,MSY->BOS
782,40,10,50,MSY->BWI
108,6,4,10,MSY->CLE
3008,358,38,396,MSY->CLT
2,0,0,0,MSY->CMH
386,44,14,58,MSY->CVG
4158,718,54,772,MSY->DAL
860,42,12,54,MSY->DCA
2352,512,32,544,MSY->DEN
5002,1022,188,1210,MSY->DFW
106,12,0,12,MSY->DTW
2258,644,60,704,MSY->EWR
1188,258,14,272,MSY->FLL
7474,1484,240,1724,MSY->HOU
914,208,16,224,MSY->IAD
8514,1402,208,1610,MSY->IAH
20,0,0,0,MSY->IND
944,188,10,198,MSY->JAX
2140,476,56,532,MSY->JFK
1454,260,14,274,MSY->LAS
1856,348,28,376,MSY->LAX
1022,370,26,396,MSY->LGA
922,112,12,124,MSY->MCI
3132,574,38,612,MSY->MCO
780,82,8,90,MSY->MDW
2006,284,28,312,MSY->MEM
2194,448,50,498,MSY->MIA
32,12,0,12,MSY->MSP
2,0,0,0,MSY->OKC
2916,806,104,910,MSY->ORD
2092,430,46,476,MSY->PHL
730,178,6,184,MSY->PHX
944,200,6,206,MSY->RDU
864,124,8,132,MSY->SAT
658,136,16,152,MSY->SLC
2194,432,22,454,MSY->TPA
2,0,0,0,MSY->TWF
74,36,4,40,MTJ->ATL
3182,394,50,444,MTJ->DEN
464,130,8,138,MTJ->DFW
42,10,0,10,MTJ->EWR
522,90,8,98,MTJ->IAH
36,12,0,12,MTJ->LAX
60,30,2,32,MTJ->ORD
458,144,2,146,MTJ->SLC
3708,788,88,876,MYR->ATL
90,18,0,18,MYR->BOS
4432,492,112,604,MYR->CLT
26,2,0,2,MYR->CVG
574,98,8,106,MYR->DTW
468,194,6,200,MYR->EWR
1066,262,56,318,MYR->IAD
2,0,0,0,MYR->ILM
248,80,8,88,MYR->LGA
54,8,0,8,MYR->MSP
2,0,0,0,MYR->PHL
2356,448,56,504,OAJ->ATL
12,6,0,6,OAJ->CLT
2008,274,2,276,OAK->ABQ
176,26,0,26,OAK->ATL
472,36,0,36,OAK->AUS
726,120,0,120,OAK->BNA
1334,218,0,218,OAK->BOI
1036,200,14,214,OAK->BOS
10840,1490,212,1702,OAK->BUR
6202,1064,90,1154,OAK->DEN
1450,196,44,240,OAK->DFW
26,8,0,8,OAK->FLL
1452,242,10,252,OAK->GEG
242,38,0,38,OAK->HNL
1422,172,26,198,OAK->HOU
1682,272,12,284,OAK->IAD
1442,178,0,178,OAK->IAH
2354,516,34,550,OAK->JFK
8,0,0,0,OAK->KOA
9284,1406,154,1560,OAK->LAS
15156,2388,386,2774,OAK->LAX
3264,366,20,386,OAK->LGB
1368,152,2,154,OAK->MCI
3440,484,36,520,OAK->MDW
120,4,4,8,OAK->OGG
7402,1028,84,1112,OAK->ONT
118,42,4,46,OAK->ORD
4964,790,62,852,OAK->PDX
8426,1024,132,1156,OAK->PHX
2662,420,8,428,OAK->RNO
11702,1732,322,2054,OAK->SAN
10094,1436,168,1604,OAK->SEA
6292,804,48,852,OAK->SLC
2,0,2,2,OAK->SMF
7290,842,54,896,OAK->SNA
614,42,0,42,OAK->TUS
54,0,2,2,OGG->ANC
326,38,4,42,OGG->DEN
732,162,4,166,OGG->DFW
24766,1974,492,2466,OGG->HNL
732,24,0,24,OGG->ITO
2758,292,4,296,OGG->KOA
4116,610,18,628,OGG->LAX
120,6,0,6,OGG->LIH
120,28,4,32,OGG->OAK
732,124,0,124,OGG->PDX
1172,172,18,190,OGG->PHX
560,72,0,72,OGG->SAN
1066,160,10,170,OGG->SEA
1864,364,14,378,OGG->SFO
522,40,4,44,OGG->SLC
120,20,0,20,OGG->SMF
120,20,0,20,OGG->SNA
462,22,0,22,OKC->ABQ
3768,916,56,972,OKC->ATL
174,42,0,42,OKC->AUS
2,2,0,2,OKC->BMI
732,44,0,44,OKC->BWI
42,2,0,2,OKC->CLE
1538,146,24,170,OKC->CVG
3374,576,18,594,OKC->DAL
5696,870,52,922,OKC->DEN
5690,832,156,988,OKC->DFW
1208,168,14,182,OKC->DTW
722,82,16,98,OKC->EWR
2706,496,58,554,OKC->HOU
10,2,0,2,OKC->IAD
5270,864,98,962,OKC->IAH
942,186,2,188,OKC->LAS
1000,194,2,196,OKC->LAX
2288,308,6,314,OKC->MCI
18,2,0,2,OKC->MCO
1766,346,44,390,OKC->MEM
1234,248,28,276,OKC->MSP
462,92,2,94,OKC->ONT
4076,1202,188,1390,OKC->ORD
3026,488,22,510,OKC->PHX
604,118,0,118,OKC->SAN
178,26,0,26,OKC->SAT
1486,192,4,196,OKC->SLC
452,124,0,124,OKC->SMF
1376,184,0,184,OKC->STL
2,2,0,2,OKC->TUL
2,0,0,0,OMA->ABQ
3462,790,44,834,OMA->ATL
2,0,0,0,OMA->ATW
2,2,0,2,OMA->BHM
856,128,12,140,OMA->CLE
2,0,0,0,OMA->COS
2004,254,22,276,OMA->CVG
6462,1204,54,1258,OMA->DEN
3496,540,92,632,OMA->DFW
2,0,0,0,OMA->DSM
2648,462,82,544,OMA->DTW
2160,712,140,852,OMA->EWR
2,0,0,0,OMA->GRB
4198,846,70,916,OMA->IAH
2166,350,4,354,OMA->LAS
2,0,0,0,OMA->LNK
18,0,0,0,OMA->MCO
4090,602,28,630,OMA->MDW
1526,330,24,354,OMA->MEM
1402,266,36,302,OMA->MKE
2326,370,24,394,OMA->MSP
608,90,6,96,OMA->ONT
8090,2156,282,2438,OMA->ORD
4134,540,20,560,OMA->PHX
628,178,2,180,OMA->SAN
1218,150,2,152,OMA->SLC
2066,240,6,246,OMA->STL
442,26,2,28,OMA->TUS
1458,224,74,298,OME->ANC
722,122,36,158,OME->OTZ
886,162,0,162,ONT->ABQ
1594,270,8,278,ONT->ATL
608,188,0,188,ONT->AUS
730,76,0,76,ONT->BNA
942,122,4,126,ONT->BOI
916,154,0,154,ONT->COS
3088,552,34,586,ONT->DEN
3484,474,76,550,ONT->DFW
764,118,0,118,ONT->ELP
476,72,0,72,ONT->FAT
880,148,0,148,ONT->GEG
2,0,0,0,ONT->GJT
2186,248,16,264,ONT->IAH
496,108,16,124,ONT->JFK
6988,1182,30,1212,ONT->LAS
48,22,4,26,ONT->LAX
604,204,2,206,ONT->MCI
492,44,2,46,ONT->MRY
7394,1158,88,1246,ONT->OAK
462,92,0,92,ONT->OKC
606,200,2,202,ONT->OMA
120,46,2,48,ONT->PDX
11256,1222,122,1344,ONT->PHX
546,36,4,40,ONT->RNO
4,2,2,4,ONT->SAN
878,226,0,226,ONT->SAT
2686,446,24,470,ONT->SEA
3198,880,98,978,ONT->SFO
5484,744,48,792,ONT->SJC
3316,358,8,366,ONT->SLC
7606,1050,82,1132,ONT->SMF
456,110,0,110,ONT->TUL
948,158,4,162,ONT->TUS
2852,892,148,1040,ORD->ABE
1508,522,34,556,ORD->ABQ
3264,832,96,928,ORD->ALB
1122,426,12,438,ORD->ANC
620,220,34,254,ORD->ASE
14898,4268,560,4828,ORD->ATL
4576,1206,386,1592,ORD->ATW
5030,1586,180,1766,ORD->AUS
1436,488,98,586,ORD->AVP
4700,984,402,1386,ORD->AZO
6670,1898,222,2120,ORD->BDL
3022,914,122,1036,ORD->BHM
210,50,2,52,ORD->BIL
4010,1140,316,1456,ORD->BMI
7810,2438,296,2734,ORD->BNA
1572,574,38,612,ORD->BOI
14266,4174,672,4846,ORD->BOS
430,134,26,160,ORD->BTR
1476,428,24,452,ORD->BTV
6874,1784,262,2046,ORD->BUF
7104,1818,200,2018,ORD->BWI
672,210,4,214,ORD->BZN
2746,990,152,1142,ORD->CAE
2094,602,160,762,ORD->CAK
1534,432,86,518,ORD->CHA
2674,816,94,910,ORD->CHS
8308,2086,510,2596,ORD->CID
9134,2606,370,2976,ORD->CLE
12026,3218,318,3536,ORD->CLT
9328,2848,304,3152,ORD->CMH
4808,1418,272,1690,ORD->CMI
3050,1082,86,1168,ORD->COS
268,86,4,90,ORD->CPR
1416,418,54,472,ORD->CRW
11986,2892,760,3652,ORD->CVG
3430,956,222,1178,ORD->CWA
2014,474,68,542,ORD->DAL
3572,918,230,1148,ORD->DAY
2694,650,176,826,ORD->DBQ
14860,3970,784,4754,ORD->DCA
11546,3624,270,3894,ORD->DEN
16186,4876,726,5602,ORD->DFW
9646,2726,528,3254,ORD->DSM
15204,3920,492,4412,ORD->DTW
394,168,6,174,ORD->EGE
1340,426,50,476,ORD->ELP
3888,894,238,1132,ORD->EVV
14348,5474,754,6228,ORD->EWR
2688,682,112,794,ORD->FAR
208,64,0,64,ORD->FCA
3166,902,52,954,ORD->FLL
2530,664,118,782,ORD->FNT
3448,980,114,1094,ORD->FSD
5912,1492,416,1908,ORD->FWA
654,274,12,286,ORD->GEG
26,0,0,0,ORD->GJT
428,106,10,116,ORD->GPT
7262,1890,502,2392,ORD->GRB
7398,1820,398,2218,ORD->GRR
1740,552,118,670,ORD->GSO
2604,740,158,898,ORD->GSP
46,4,0,4,ORD->GTF
4,2,2,4,ORD->GUC
400,168,14,182,ORD->HDN
1282,354,4,358,ORD->HNL
7248,1668,392,2060,ORD->HPN
1094,294,70,364,ORD->HSV
5782,1426,228,1654,ORD->IAD
10926,3100,330,3430,ORD->IAH
6002,1672,318,1990,ORD->ICT
8206,2364,408,2772,ORD->IND
926,322,18,340,ORD->JAC
422,132,10,142,ORD->JAN
3394,954,50,1004,ORD->JAX
7368,2302,360,2662,ORD->JFK
2818,706,240,946,ORD->LAN
10514,3266,146,3412,ORD->LAS
13948,4758,332,5090,ORD->LAX
3930,982,158,1140,ORD->LEX
21540,7468,1652,9120,ORD->LGA
1208,396,22,418,ORD->LGB
3612,1098,148,1246,ORD->LIT
2814,760,136,896,ORD->LNK
3144,776,186,962,ORD->LSE
2678,780,226,1006,ORD->MBS
7800,2210,278,2488,ORD->MCI
7596,2374,112,2486,ORD->MCO
3104,960,118,1078,ORD->MDT
7564,2076,320,2396,ORD->MEM
2288,674,74,748,ORD->MHT
6686,2416,100,2516,ORD->MIA
6800,1606,526,2132,ORD->MKE
5158,1290,266,1556,ORD->MLI
420,114,16,130,ORD->MOB
626,234,18,252,ORD->MQT
9756,2342,706,3048,ORD->MSN
210,36,0,36,ORD->MSO
19376,4666,792,5458,ORD->MSP
3004,924,88,1012,ORD->MSY
60,36,2,38,ORD->MTJ
118,58,0,58,ORD->OAK
442,92,2,94,ORD->OGG
3874,1206,158,1364,ORD->OKC
8194,2312,246,2558,ORD->OMA
2376,836,80,916,ORD->ORF
1312,556,26,582,ORD->PBI
4788,1652,70,1722,ORD->PDX
13466,4192,618,4810,ORD->PHL
10248,3074,162,3236,ORD->PHX
6512,1414,448,1862,ORD->PIA
7222,1974,220,2194,ORD->PIT
584,148,34,182,ORD->PNS
902,336,28,364,ORD->PSP
3578,986,132,1118,ORD->PVD
686,208,34,242,ORD->PWM
436,94,6,100,ORD->RAP
6280,1998,284,2282,ORD->RDU
3768,1068,148,1216,ORD->RIC
730,270,14,284,ORD->RNO
1110,190,32,222,ORD->ROA
5100,1432,210,1642,ORD->ROC
4732,1154,294,1448,ORD->RST
1528,354,40,394,ORD->RSW
6616,2138,98,2236,ORD->SAN
3426,1136,104,1240,ORD->SAT
2264,738,70,808,ORD->SAV
4532,1056,422,1478,ORD->SBN
6992,1856,270,2126,ORD->SDF
9604,3090,142,3232,ORD->SEA
11048,3962,280,4242,ORD->SFO
4612,1338,276,1614,ORD->SGF
422,110,14,124,ORD->SHV
2666,968,72,1040,ORD->SJC
2072,506,12,518,ORD->SJU
5720,1890,104,1994,ORD->SLC
2154,810,36,846,ORD->SMF
5160,1712,122,1834,ORD->SNA
2170,578,190,768,ORD->SPI
9116,2276,550,2826,ORD->STL
160,48,0,48,ORD->STT
4628,1256,152,1408,ORD->SYR
2674,672,150,822,ORD->TOL
4886,1588,76,1664,ORD->TPA
4080,1186,170,1356,ORD->TUL
1730,578,48,626,ORD->TUS
4870,1298,248,1546,ORD->TVC
4034,1004,132,1136,ORD->TYS
472,114,12,126,ORD->VPS
6232,1884,340,2224,ORD->XNA
5568,1274,78,1352,ORF->ATL
2,2,0,2,ORF->BDL
472,10,2,12,ORF->BNA
2,2,0,2,ORF->BOI
394,96,16,112,ORF->BOS
3350,402,4,406,ORF->BWI
4,4,0,4,ORF->CLE
3672,490,80,570,ORF->CLT
998,190,8,198,ORF->CVG
2070,422,42,464,ORF->DFW
1936,334,28,362,ORF->DTW
760,236,58,294,ORF->EWR
2114,616,58,674,ORF->IAD
1938,348,34,382,ORF->IAH
1438,172,0,172,ORF->JAX
554,206,54,260,ORF->JFK
732,130,0,130,ORF->LAS
1506,224,6,230,ORF->MCO
1462,242,12,254,ORF->MDW
480,80,6,86,ORF->MEM
304,92,8,100,ORF->MIA
246,26,18,44,ORF->MSP
2178,580,92,672,ORF->ORD
2,2,0,2,ORF->PBI
2,2,0,2,ORF->SAV
732,98,2,100,ORF->TPA
324,124,18,142,OTH->PDX
706,284,16,300,OTH->SFO
722,128,36,164,OTZ->ANC
1450,228,40,268,OTZ->OME
2582,176,40,216,OXR->LAX
2,0,0,0,OXR->PSP
8524,1790,32,1822,PBI->ATL
746,134,0,134,PBI->BDL
3492,702,56,758,PBI->BOS
2706,348,0,348,PBI->BWI
766,94,8,102,PBI->CLE
3742,326,24,350,PBI->CLT
10,2,2,4,PBI->CMH
780,258,12,270,PBI->CVG
1818,238,16,254,PBI->DCA
190,28,0,28,PBI->DEN
1708,376,32,408,PBI->DFW
944,116,2,118,PBI->DTW
5540,1844,60,1904,PBI->EWR
2092,434,16,450,PBI->HPN
28,6,0,6,PBI->IAD
2778,344,30,374,PBI->IAH
2164,394,12,406,PBI->ISP
5062,1198,72,1270,PBI->JFK
124,32,0,32,PBI->LAS
3868,1368,70,1438,PBI->LGA
1308,390,26,416,PBI->ORD
3798,712,30,742,PBI->PHL
8,0,0,0,PBI->PIT
718,152,4,156,PBI->SWF
2730,348,6,354,PBI->TPA
732,66,4,70,PDX->ABQ
1152,234,8,242,PDX->ANC
2204,394,18,412,PDX->ATL
2076,312,26,338,PDX->BOI
732,132,6,138,PDX->BOS
120,2,8,10,PDX->BUR
272,32,0,32,PDX->CLT
622,58,8,66,PDX->CVG
9308,1514,82,1596,PDX->DEN
3154,490,62,552,PDX->DFW
500,52,2,54,PDX->DTW
3102,142,36,178,PDX->EUG
1384,270,10,280,PDX->EWR
2622,472,40,512,PDX->GEG
1464,182,8,190,PDX->HNL
734,102,8,110,PDX->IAD
2530,318,36,354,PDX->IAH
1360,284,24,308,PDX->JFK
7128,1146,90,1236,PDX->LAS
7034,942,64,1006,PDX->LAX
282,40,6,46,PDX->LGB
324,62,16,78,PDX->LMT
732,84,6,90,PDX->MCI
472,88,2,90,PDX->MCO
1788,186,16,202,PDX->MDW
3086,190,40,230,PDX->MFR
2,0,0,0,PDX->MSN
3004,358,16,374,PDX->MSP
4942,772,76,848,PDX->OAK
732,114,2,116,PDX->OGG
120,42,2,44,PDX->ONT
4368,964,70,1034,PDX->ORD
324,132,16,148,PDX->OTH
758,152,6,158,PDX->PHL
7892,926,62,988,PDX->PHX
336,64,4,68,PDX->PSP
3242,230,26,256,PDX->RDM
2300,316,16,332,PDX->RNO
2704,420,12,432,PDX->SAN
4898,508,70,578,PDX->SEA
6176,1416,90,1506,PDX->SFO
4644,590,76,666,PDX->SJC
6554,740,54,794,PDX->SLC
4968,860,44,904,PDX->SMF
2842,388,36,424,PDX->SNA
5096,1156,114,1270,PFN->ATL
72,4,2,6,PFN->CVG
392,38,6,44,PFN->MCO
2190,262,46,308,PFN->MEM
8314,1582,152,1734,PHF->ATL
1432,234,12,246,PHF->BOS
620,102,2,104,PHF->FLL
1534,484,46,530,PHF->LGA
722,98,12,110,PHF->MCO
190,16,0,16,PHF->TPA
896,204,22,226,PHL->ALB
13836,3738,238,3976,PHL->ATL
2,0,0,0,PHL->ATW
580,118,0,118,PHL->AUS
2,0,2,2,PHL->AVP
1042,256,20,276,PHL->BDL
1962,464,6,470,PHL->BNA
12768,2670,726,3396,PHL->BOS
730,186,8,194,PHL->BUF
1320,374,28,402,PHL->BWI
1348,302,28,330,PHL->CLE
7090,1826,142,1968,PHL->CLT
1988,390,20,410,PHL->CMH
3166,738,94,832,PHL->CVG
1168,234,18,252,PHL->DCA
5922,1508,30,1538,PHL->DEN
6970,1876,190,2066,PHL->DFW
5520,1082,108,1190,PHL->DTW
38,4,0,4,PHL->EWR
5954,1680,22,1702,PHL->FLL
2,0,0,0,PHL->GRR
1374,332,24,356,PHL->HOU
1214,304,124,428,PHL->IAD
3464,674,30,704,PHL->IAH
2,0,0,0,PHL->ICT
1706,410,58,468,PHL->IND
3330,812,38,850,PHL->JAX
1350,376,86,462,PHL->JFK
5672,1506,22,1528,PHL->LAS
4480,1244,30,1274,PHL->LAX
8,2,2,4,PHL->LGA
14064,3240,170,3410,PHL->MCO
5304,1118,92,1210,PHL->MDW
2064,444,102,546,PHL->MEM
4714,1028,88,1116,PHL->MHT
4412,1394,30,1424,PHL->MIA
1548,284,68,352,PHL->MKE
3498,650,22,672,PHL->MSP
2214,438,32,470,PHL->MSY
14156,3988,656,4644,PHL->ORD
584,44,4,48,PHL->ORF
3806,1058,30,1088,PHL->PBI
760,250,4,254,PHL->PDX
5770,1554,36,1590,PHL->PHX
6376,1494,170,1664,PHL->PIT
5100,994,72,1066,PHL->PVD
6694,1342,86,1428,PHL->RDU
774,238,10,248,PHL->RIC
2446,564,10,574,PHL->RSW
1634,344,8,352,PHL->SAN
580,64,0,64,PHL->SAT
4,0,0,0,PHL->SDF
1416,454,8,462,PHL->SEA
4474,1232,38,1270,PHL->SFO
2948,784,16,800,PHL->SJU
1340,258,0,258,PHL->SLC
414,198,2,200,PHL->SMF
1156,164,6,170,PHL->STL
396,140,0,140,PHL->STT
668,176,4,180,PHL->SYR
6780,1628,58,1686,PHL->TPA
10468,1466,64,1530,PHX->ABQ
732,200,4,204,PHX->ANC
218,30,38,68,PHX->ASE
9214,1284,32,1316,PHX->ATL
5572,784,14,798,PHX->AUS
668,102,2,104,PHX->BDL
2388,422,14,436,PHX->BFL
734,122,0,122,PHX->BHM
2246,304,4,308,PHX->BNA
1358,204,4,208,PHX->BOI
2134,418,8,426,PHX->BOS
730,66,4,70,PHX->BUF
9508,1438,54,1492,PHX->BUR
4206,638,10,648,PHX->BWI
86,8,10,18,PHX->CLD
2230,258,16,274,PHX->CLE
4366,868,22,890,PHX->CLT
2192,326,6,332,PHX->CMH
2784,452,12,464,PHX->COS
926,70,6,76,PHX->CVG
2160,506,18,524,PHX->DCA
16804,2748,78,2826,PHX->DEN
10774,1522,180,1702,PHX->DFW
1622,158,42,200,PHX->DRO
1498,224,14,238,PHX->DSM
5858,978,6,984,PHX->DTW
8310,1284,22,1306,PHX->ELP
742,188,2,190,PHX->EUG
5158,1394,30,1424,PHX->EWR
3236,510,30,540,PHX->FAT
3742,390,190,580,PHX->FLG
1240,214,0,214,PHX->FLL
1554,314,12,326,PHX->GEG
2074,276,32,308,PHX->GJT
1828,328,8,336,PHX->HNL
3354,604,86,690,PHX->HOU
1462,166,10,176,PHX->IAD
8394,1242,112,1354,PHX->IAH
1384,218,8,226,PHX->ICT
2916,546,4,550,PHX->IND
4512,1240,44,1284,PHX->JFK
660,170,2,172,PHX->KOA
20674,4612,446,5058,PHX->LAS
19984,3786,306,4092,PHX->LAX
3248,436,28,464,PHX->LGB
560,118,0,118,PHX->LIH
470,134,0,134,PHX->LIT
4280,604,12,616,PHX->MCI
2078,232,6,238,PHX->MCO
5590,650,50,700,PHX->MDW
1632,340,0,340,PHX->MEM
606,138,6,144,PHX->MFR
730,120,0,120,PHX->MHT
732,84,12,96,PHX->MIA
1732,254,28,282,PHX->MKE
1822,304,20,324,PHX->MRY
7016,1228,10,1238,PHX->MSP
730,94,6,100,PHX->MSY
8300,1374,88,1462,PHX->OAK
1172,258,10,268,PHX->OGG
3032,500,8,508,PHX->OKC
4120,678,14,692,PHX->OMA
11254,1912,92,2004,PHX->ONT
10260,2676,168,2844,PHX->ORD
7896,1614,50,1664,PHX->PDX
5766,1176,24,1200,PHX->PHL
2172,360,20,380,PHX->PIT
3504,576,40,616,PHX->PSP
730,118,0,118,PHX->PVD
1510,222,4,226,PHX->RDU
5552,992,56,1048,PHX->RNO
15218,2740,208,2948,PHX->SAN
5566,838,26,864,PHX->SAT
3236,508,26,534,PHX->SBA
1980,358,8,366,PHX->SBP
730,98,0,98,PHX->SDF
10144,2184,60,2244,PHX->SEA
9768,2604,140,2744,PHX->SFO
8100,1104,64,1168,PHX->SJC
14354,2184,110,2294,PHX->SLC
8268,1526,22,1548,PHX->SMF
10994,1614,68,1682,PHX->SNA
5510,802,16,818,PHX->STL
388,56,70,126,PHX->TEX
2044,258,8,266,PHX->TPA
2030,312,2,314,PHX->TUL
7368,1154,38,1192,PHX->TUS
3924,554,126,680,PHX->YUM
1246,268,32,300,PIA->ATL
724,108,10,118,PIA->DEN
1268,232,24,256,PIA->DFW
1402,150,54,204,PIA->DTW
2,2,0,2,PIA->HPN
2,0,0,0,PIA->LNK
6518,1436,480,1916,PIA->ORD
3318,180,40,220,PIH->SLC
4,2,0,2,PIR->JAX
6,0,0,0,PIR->MSP
9114,2114,114,2228,PIT->ATL
1232,310,32,342,PIT->BOS
2086,324,0,324,PIT->BWI
4752,630,58,688,PIT->CLT
2576,548,38,586,PIT->CVG
14,0,0,0,PIT->DCA
1718,598,12,610,PIT->DEN
4280,1080,112,1192,PIT->DFW
3022,450,28,478,PIT->DTW
1342,468,52,520,PIT->EWR
1014,100,8,108,PIT->FLL
2,0,0,0,PIT->GRB
1560,444,90,534,PIT->IAD
3438,784,40,824,PIT->IAH
4498,1374,220,1594,PIT->JFK
2822,538,4,542,PIT->LAS
746,246,4,250,PIT->LAX
1872,594,80,674,PIT->LGA
532,138,6,144,PIT->MCI
4940,760,18,778,PIT->MCO
4140,760,28,788,PIT->MDW
2010,314,26,340,PIT->MEM
348,36,4,40,PIT->MIA
2166,504,66,570,PIT->MKE
2100,340,24,364,PIT->MSP
7042,1818,246,2064,PIT->ORD
8,0,0,0,PIT->PBI
8338,2102,186,2288,PIT->PHL
2172,446,14,460,PIT->PHX
362,50,0,50,PIT->RSW
738,208,4,212,PIT->SFO
2,0,0,0,PIT->SJU
436,162,2,164,PIT->SLC
2178,322,2,324,PIT->TPA
2,0,0,0,PLN->DCA
526,44,26,70,PLN->DTW
1456,354,42,396,PMD->SFO
8860,1828,116,1944,PNS->ATL
744,94,44,138,PNS->CLT
4048,664,96,760,PNS->DFW
290,22,4,26,PNS->FLL
1270,218,38,256,PNS->IAH
732,66,6,72,PNS->MCO
2194,284,58,342,PNS->MEM
586,206,38,244,PNS->ORD
270,52,2,54,PNS->TPA
1880,158,32,190,PSC->DEN
3200,208,34,242,PSC->SLC
2,0,0,0,PSC->TWF
34,2,0,2,PSE->EWR
90,10,4,14,PSE->FLL
692,64,10,74,PSE->JFK
694,76,6,82,PSE->MCO
728,164,26,190,PSG->JNU
726,162,32,194,PSG->WRG
1996,274,28,302,PSP->DEN
2192,366,42,408,PSP->DFW
2,0,0,0,PSP->FAT
2,0,0,0,PSP->GJT
432,74,6,80,PSP->IAH
2562,352,38,390,PSP->LAS
5194,830,32,862,PSP->LAX
428,66,2,68,PSP->MSP
2,0,0,0,PSP->ONT
904,356,30,386,PSP->ORD
338,126,4,130,PSP->PDX
3504,436,60,496,PSP->PHX
1328,296,14,310,PSP->SEA
3276,708,40,748,PSP->SFO
1796,172,14,186,PSP->SLC
2,0,0,0,PSP->TWF
4,4,0,4,PUB->COS
2780,852,52,904,PVD->ATL
2,0,0,0,PVD->BDL
732,60,0,60,PVD->BNA
6,0,0,0,PVD->BOS
7962,1242,32,1274,PVD->BWI
720,136,10,146,PVD->CLE
2878,390,42,432,PVD->CLT
1916,314,42,356,PVD->CVG
1344,120,30,150,PVD->DCA
2210,312,24,336,PVD->DTW
2204,912,146,1058,PVD->EWR
850,74,2,76,PVD->FLL
1022,264,60,324,PVD->IAD
1208,292,76,368,PVD->JFK
728,102,2,104,PVD->LAS
4296,652,18,670,PVD->MCO
2746,426,14,440,PVD->MDW
12,2,0,2,PVD->MSP
3584,932,132,1064,PVD->ORD
5126,1306,70,1376,PVD->PHL
730,158,0,158,PVD->PHX
1962,288,6,294,PVD->TPA
1808,628,42,670,PWM->ATL
4,4,0,4,PWM->BOS
1990,256,18,274,PWM->BWI
612,66,12,78,PWM->CLE
554,110,34,144,PWM->CLT
1126,198,16,214,PWM->CVG
134,16,2,18,PWM->DTW
1482,588,98,686,PWM->EWR
814,236,46,282,PWM->IAD
3636,896,128,1024,PWM->JFK
918,154,4,158,PWM->MCO
84,8,0,8,PWM->MSP
632,210,44,254,PWM->ORD
4618,578,118,696,RAP->DEN
1754,202,40,242,RAP->MSP
434,116,6,122,RAP->ORD
1514,134,28,162,RAP->SLC
2,0,0,0,RAP->TWF
2,0,0,0,RDD->SBA
3360,826,82,908,RDD->SFO
2,2,0,2,RDD->SMF
24,4,0,4,RDM->DEN
2,0,0,0,RDM->IDA
3238,304,26,330,RDM->PDX
2166,604,22,626,RDM->SFO
1438,132,4,136,RDM->SLC
10836,2010,148,2158,RDU->ATL
462,206,4,210,RDU->AUS
2298,432,60,492,RDU->BDL
320,36,2,38,RDU->BHM
3234,578,4,582,RDU->BNA
7740,1768,188,1956,RDU->BOS
4156,664,6,670,RDU->BWI
614,104,4,108,RDU->CLE
4678,1206,46,1252,RDU->CLT
1000,240,8,248,RDU->CMH
2634,472,36,508,RDU->CVG
5544,874,136,1010,RDU->DCA
940,150,4,154,RDU->DEN
4694,928,116,1044,RDU->DFW
2736,340,10,350,RDU->DTW
4788,1364,278,1642,RDU->EWR
1392,120,8,128,RDU->FLL
2,0,0,0,RDU->GRB
3444,546,136,682,RDU->IAD
3990,766,62,828,RDU->IAH
1346,146,36,182,RDU->IND
1190,264,12,276,RDU->JAX
7978,2004,292,2296,RDU->JFK
1430,340,0,340,RDU->LAS
16,6,0,6,RDU->LAX
8270,2926,316,3242,RDU->LGA
1304,262,18,280,RDU->MCI
3476,564,22,586,RDU->MCO
2720,426,26,452,RDU->MDW
2124,324,32,356,RDU->MEM
2196,538,16,554,RDU->MIA
980,210,22,232,RDU->MKE
1452,218,6,224,RDU->MSP
948,102,2,104,RDU->MSY
6188,1474,312,1786,RDU->ORD
6726,1546,94,1640,RDU->PHL
1510,262,6,268,RDU->PHX
458,58,0,58,RDU->SAT
852,130,14,144,RDU->SDF
654,82,6,88,RDU->SLC
716,178,14,192,RDU->STL
2114,250,2,252,RDU->TPA
208,72,2,74,RDU->XNA
580,92,10,102,RFD->DEN
442,60,28,88,RHI->MSP
9072,1768,126,1894,RIC->ATL
1376,242,28,270,RIC->BOS
1810,428,32,460,RIC->CLE
3600,598,76,674,RIC->CLT
1558,238,8,246,RIC->CVG
4,2,0,2,RIC->DCA
2082,464,40,504,RIC->DFW
1400,270,36,306,RIC->DTW
3152,964,104,1068,RIC->EWR
732,154,4,158,RIC->FLL
1942,348,34,382,RIC->IAH
2,2,0,2,RIC->JAX
3406,888,158,1046,RIC->JFK
2674,696,132,828,RIC->LGA
1030,122,2,124,RIC->MCO
584,64,12,76,RIC->MEM
304,102,4,106,RIC->MIA
680,136,10,146,RIC->MSP
3768,934,172,1106,RIC->ORD
2,2,0,2,RIC->ORF
774,142,14,156,RIC->PHL
2,2,0,2,RIC->RDU
1090,208,28,236,RKS->DEN
116,16,10,26,RKS->GCC
702,150,18,168,RKS->SLC
338,76,2,78,RNO->ATL
2050,300,8,308,RNO->BOI
2,0,0,0,RNO->BUR
2706,420,50,470,RNO->DEN
2190,434,60,494,RNO->DFW
428,42,0,42,RNO->GEG
856,98,2,100,RNO->IAH
9016,1576,62,1638,RNO->LAS
3810,700,32,732,RNO->LAX
928,104,12,116,RNO->LGB
730,60,2,62,RNO->MDW
2644,412,8,420,RNO->OAK
546,80,8,88,RNO->ONT
730,308,14,322,RNO->ORD
2288,384,28,412,RNO->PDX
5558,636,64,700,RNO->PHX
2,0,0,0,RNO->PIH
1460,230,8,238,RNO->SAN
1598,230,8,238,RNO->SEA
3772,976,100,1076,RNO->SFO
2728,434,16,450,RNO->SJC
3628,330,22,352,RNO->SLC
120,10,6,16,RNO->SNA
444,42,0,42,RNO->TUS
3462,640,86,726,ROA->ATL
2,2,0,2,ROA->BWI
2,2,0,2,ROA->CLT
4,2,0,2,ROA->CVG
1496,202,58,260,ROA->DTW
1202,278,90,368,ROA->IAD
2,0,0,0,ROA->MSN
1270,324,52,376,ROA->ORD
4976,1186,84,1270,ROC->ATL
2,0,0,0,ROC->BOS
1730,218,24,242,ROC->BWI
1842,548,28,576,ROC->CLE
824,102,10,112,ROC->CLT
1448,156,42,198,ROC->CVG
354,74,8,82,ROC->DFW
1728,356,52,408,ROC->DTW
1866,802,106,908,ROC->EWR
228,58,0,58,ROC->FLL
1120,248,64,312,ROC->IAD
4870,1160,198,1358,ROC->JFK
168,26,0,26,ROC->LAS
1400,250,8,258,ROC->MCO
272,44,14,58,ROC->MSP
4968,1314,220,1534,ROC->ORD
732,114,6,120,ROC->TPA
1922,270,24,294,ROW->DFW
342,60,20,80,RST->DTW
1634,196,86,282,RST->MSP
4730,1242,314,1556,RST->ORD
8392,1434,48,1482,RSW->ATL
268,76,2,78,RSW->BDL
3432,680,40,720,RSW->BOS
752,168,14,182,RSW->BUF
2670,392,8,400,RSW->BWI
276,70,0,70,RSW->CAK
1188,90,12,102,RSW->CLE
3530,364,20,384,RSW->CLT
274,50,4,54,RSW->CMH
1078,188,20,208,RSW->CVG
1416,90,10,100,RSW->DCA
444,66,0,66,RSW->DEN
1838,288,30,318,RSW->DFW
2288,280,4,284,RSW->DTW
3748,1356,52,1408,RSW->EWR
298,64,0,64,RSW->FNT
1040,256,8,264,RSW->HPN
28,2,0,2,RSW->IAD
2132,230,30,260,RSW->IAH
2114,300,10,310,RSW->IND
748,174,6,180,RSW->ISP
3780,906,72,978,RSW->JFK
474,186,10,196,RSW->LGA
10,10,0,10,RSW->MCI
2828,298,8,306,RSW->MCO
2192,382,20,402,RSW->MDW
116,38,2,40,RSW->MEM
4,0,0,0,RSW->MIA
450,68,10,78,RSW->MKE
1294,332,0,332,RSW->MSP
1526,388,42,430,RSW->ORD
2,2,0,2,RSW->PBI
2446,486,10,496,RSW->PHL
362,52,0,52,RSW->PIT
834,98,8,106,RSW->STL
2108,324,8,332,SAN->ABQ
5710,662,40,702,SAN->ATL
1430,214,0,214,SAN->AUS
448,114,6,120,SAN->BFL
1454,222,2,224,SAN->BNA
950,156,0,156,SAN->BOI
1220,206,26,232,SAN->BOS
1458,158,0,158,SAN->BWI
174,36,2,38,SAN->CLE
1408,166,22,188,SAN->CLT
952,206,2,208,SAN->COS
1146,100,0,100,SAN->CVG
10526,1730,88,1818,SAN->DEN
7056,1266,152,1418,SAN->DFW
1160,230,4,234,SAN->DTW
732,144,0,144,SAN->ELP
2360,584,16,600,SAN->EWR
1164,122,4,126,SAN->FAT
904,234,4,238,SAN->GEG
786,146,0,146,SAN->HNL
844,162,8,170,SAN->HOU
2662,432,30,462,SAN->IAD
4776,724,42,766,SAN->IAH
3260,698,36,734,SAN->JFK
46,2,0,2,SAN->KOA
11804,2082,190,2272,SAN->LAS
22448,2482,350,2832,SAN->LAX
62,10,0,10,SAN->LIH
1372,178,4,182,SAN->MCI
26,2,0,2,SAN->MCO
3416,408,26,434,SAN->MDW
218,46,2,48,SAN->MEM
212,48,0,48,SAN->MKE
892,116,10,126,SAN->MRY
2666,510,0,510,SAN->MSP
11662,2156,358,2514,SAN->OAK
558,62,2,64,SAN->OGG
610,112,0,112,SAN->OKC
634,172,0,172,SAN->OMA
6,0,0,0,SAN->ONT
5896,1450,104,1554,SAN->ORD
2704,494,22,516,SAN->PDX
1634,342,14,356,SAN->PHL
15162,2164,244,2408,SAN->PHX
1458,300,6,306,SAN->RNO
1286,130,0,130,SAN->SAT
5662,1046,58,1104,SAN->SEA
13538,3716,376,4092,SAN->SFO
10572,1722,136,1858,SAN->SJC
5098,566,24,590,SAN->SLC
9206,1608,66,1674,SAN->SMF
732,144,8,152,SAN->STL
456,84,2,86,SAN->TUL
2826,476,8,484,SAN->TUS
852,104,0,104,SAT->ABQ
2,0,0,0,SAT->AMA
6482,1390,56,1446,SAT->ATL
4,0,0,0,SAT->AUS
1352,224,0,224,SAT->BNA
1460,118,0,118,SAT->BWI
466,32,10,42,SAT->CLE
1316,190,8,198,SAT->CLT
1764,448,8,456,SAT->CVG
9998,1486,76,1562,SAT->DAL
5020,848,34,882,SAT->DEN
10826,1998,312,2310,SAT->DFW
1284,270,0,270,SAT->DTW
2664,488,2,490,SAT->ELP
1908,582,34,616,SAT->EWR
5164,890,144,1034,SAT->HOU
1312,238,30,268,SAT->HRL
298,110,6,116,SAT->IAD
7510,1178,96,1274,SAT->IAH
472,54,14,68,SAT->IND
3150,470,4,474,SAT->LAS
3566,652,16,668,SAT->LAX
1156,176,16,192,SAT->MCI
1488,106,0,106,SAT->MCO
1420,186,6,192,SAT->MDW
1576,212,4,216,SAT->MEM
2,0,0,0,SAT->MGM
382,60,0,60,SAT->MSP
860,96,8,104,SAT->MSY
174,26,0,26,SAT->OKC
882,148,2,150,SAT->ONT
3630,1032,132,1164,SAT->ORD
580,88,2,90,SAT->PHL
5534,618,36,654,SAT->PHX
456,94,0,94,SAT->RDU
1292,172,0,172,SAT->SAN
732,108,8,116,SAT->SFO
1174,192,6,198,SAT->SLC
452,144,0,144,SAT->SMF
492,56,12,68,SAT->STL
730,68,0,68,SAT->TPA
178,40,2,42,SAT->TUL
480,56,0,56,SAT->TUS
7776,1456,130,1586,SAV->ATL
178,44,2,46,SAV->BOS
2,0,0,0,SAV->CHS
642,32,6,38,SAV->CLE
2866,478,72,550,SAV->CLT
1462,284,22,306,SAV->CVG
1590,336,28,364,SAV->DFW
1018,148,16,164,SAV->DTW
2254,806,126,932,SAV->EWR
2014,686,72,758,SAV->IAD
1898,304,42,346,SAV->IAH
6,4,0,4,SAV->JAX
1992,500,112,612,SAV->LGA
1528,200,16,216,SAV->MEM
54,20,0,20,SAV->MSP
2268,680,78,758,SAV->ORD
1680,240,12,252,SBA->DEN
732,124,10,134,SBA->DFW
610,174,16,190,SBA->LAS
8996,922,120,1042,SBA->LAX
2,0,0,0,SBA->MRY
3234,378,36,414,SBA->PHX
2,0,0,0,SBA->SBP
6094,1530,120,1650,SBA->SFO
2416,366,88,454,SBA->SJC
1370,90,4,94,SBA->SLC
2078,482,58,540,SBN->ATL
24,12,4,16,SBN->CVG
3276,612,116,728,SBN->DTW
730,128,30,158,SBN->MSP
4530,1138,446,1584,SBN->ORD
2,0,0,0,SBP->FAT
256,54,10,64,SBP->LAS
5364,488,50,538,SBP->LAX
2,2,0,2,SBP->MFR
4,0,0,0,SBP->MRY
1980,188,42,230,SBP->PHX
3516,952,94,1046,SBP->SFO
568,26,8,34,SBP->SLC
726,106,10,116,SCC->ANC
728,170,4,174,SCC->BRW
244,88,18,106,SCE->ATL
46,0,0,0,SCE->CVG
1000,112,38,150,SCE->DTW
5512,1320,92,1412,SDF->ATL
1348,232,0,232,SDF->BHM
162,60,6,66,SDF->BOS
2966,504,18,522,SDF->BWI
1456,262,12,274,SDF->CLE
1590,402,24,426,SDF->CLT
1278,210,22,232,SDF->CVG
768,210,6,216,SDF->DEN
2772,616,70,686,SDF->DFW
2022,254,36,290,SDF->DTW
2074,708,68,776,SDF->EWR
722,118,10,128,SDF->IAH
730,146,0,146,SDF->LAS
1144,248,24,272,SDF->LGA
1066,142,4,146,SDF->MCO
3370,582,30,612,SDF->MDW
1574,236,32,268,SDF->MEM
732,160,8,168,SDF->MIA
514,68,8,76,SDF->MKE
1560,222,34,256,SDF->MSP
6994,1770,284,2054,SDF->ORD
4,0,0,0,SDF->PHL
730,84,0,84,SDF->PHX
852,132,16,148,SDF->RDU
6,2,0,2,SDF->SLC
2,0,0,0,SDF->SPI
1990,292,4,296,SDF->STL
978,98,2,100,SDF->TPA
1416,206,6,212,SEA->ABQ
12512,3162,162,3324,SEA->ANC
5142,802,20,822,SEA->ATL
294,50,4,54,SEA->AUS
728,170,0,170,SEA->BNA
2140,376,12,388,SEA->BOI
1960,308,22,330,SEA->BOS
2780,434,20,454,SEA->BUR
484,124,0,124,SEA->BWI
458,80,4,84,SEA->CLE
960,272,4,276,SEA->CLT
1582,188,12,200,SEA->CVG
1454,266,4,270,SEA->DCA
13246,2340,110,2450,SEA->DEN
7834,1918,106,2024,SEA->DFW
2344,436,10,446,SEA->DTW
4052,1094,34,1128,SEA->EWR
1912,454,14,468,SEA->FAI
8692,1646,182,1828,SEA->GEG
3276,646,18,664,SEA->HNL
2194,464,16,480,SEA->IAD
4790,816,56,872,SEA->IAH
150,26,0,26,SEA->IND
3704,754,48,802,SEA->JFK
2668,604,30,634,SEA->JNU
90,18,2,20,SEA->KOA
2578,612,10,622,SEA->KTN
10102,1702,72,1774,SEA->LAS
13730,2186,160,2346,SEA->LAX
3000,442,36,478,SEA->LGB
732,58,2,60,SEA->LIH
730,100,0,100,SEA->MCI
1462,216,10,226,SEA->MCO
2722,544,16,560,SEA->MDW
700,142,4,146,SEA->MEM
732,120,4,124,SEA->MIA
242,72,0,72,SEA->MKE
4948,910,38,948,SEA->MSP
10190,1374,184,1558,SEA->OAK
1800,378,4,382,SEA->OGG
2686,440,18,458,SEA->ONT
9216,2550,148,2698,SEA->ORD
4898,400,96,496,SEA->PDX
1414,350,14,364,SEA->PHL
10124,1482,78,1560,SEA->PHX
1334,214,8,222,SEA->PSP
1604,306,4,310,SEA->RNO
5666,968,50,1018,SEA->SAN
10818,2816,192,3008,SEA->SFO
208,42,0,42,SEA->SIT
7068,958,54,1012,SEA->SJC
7548,1202,34,1236,SEA->SLC
7284,1240,44,1284,SEA->SMF
5720,782,96,878,SEA->SNA
1134,208,10,218,SEA->STL
886,126,2,128,SEA->TUS
1058,386,6,392,SFO->ABQ
4674,1230,106,1336,SFO->ACV
364,132,8,140,SFO->ANC
118,32,14,46,SFO->ASE
6196,1044,22,1066,SFO->ATL
1218,250,8,258,SFO->AUS
1882,418,34,452,SFO->BFL
3532,928,66,994,SFO->BOI
5188,1382,66,1448,SFO->BOS
3924,824,172,996,SFO->BUR
732,218,14,232,SFO->BWI
56,12,0,12,SFO->BZN
1410,494,44,538,SFO->CEC
2784,860,64,924,SFO->CIC
932,128,2,130,SFO->CLE
2858,438,12,450,SFO->CLT
728,242,2,244,SFO->COS
1564,196,8,204,SFO->CVG
10748,2450,138,2588,SFO->DEN
6974,1620,234,1854,SFO->DFW
2320,336,0,336,SFO->DTW
3846,1074,100,1174,SFO->EUG
6274,1904,100,2004,SFO->EWR
4820,1326,66,1392,SFO->FAT
24,4,0,4,SFO->FCA
4,0,0,0,SFO->GJT
4718,1118,44,1162,SFO->HNL
5464,1070,112,1182,SFO->IAD
5320,972,52,1024,SFO->IAH
2,0,0,0,SFO->IDA
346,52,6,58,SFO->IND
13942,4170,222,4392,SFO->JFK
1426,322,2,324,SFO->KOA
14014,3204,198,3402,SFO->LAS
27576,6082,978,7060,SFO->LAX
418,118,12,130,SFO->LGB
966,174,2,176,SFO->LIH
696,210,6,216,SFO->LMT
732,222,4,226,SFO->MCO
2184,442,20,462,SFO->MDW
416,60,0,60,SFO->MEM
5140,1502,102,1604,SFO->MFR
2196,596,24,620,SFO->MIA
230,106,8,114,SFO->MKE
3330,928,154,1082,SFO->MOD
4820,1090,182,1272,SFO->MRY
24,0,0,0,SFO->MSO
3968,634,10,644,SFO->MSP
1864,354,2,356,SFO->OGG
3200,706,98,804,SFO->ONT
11492,3370,272,3642,SFO->ORD
708,308,10,318,SFO->OTH
5944,1560,108,1668,SFO->PDX
5108,1080,40,1120,SFO->PHL
9740,1404,158,1562,SFO->PHX
738,118,8,126,SFO->PIT
1456,290,50,340,SFO->PMD
3272,872,44,916,SFO->PSP
3366,932,84,1016,SFO->RDD
2164,626,20,646,SFO->RDM
3770,800,90,890,SFO->RNO
12624,2998,266,3264,SFO->SAN
732,166,6,172,SFO->SAT
5982,1430,128,1558,SFO->SBA
3502,798,84,882,SFO->SBP
10828,3056,180,3236,SFO->SEA
2,0,2,2,SFO->SJC
8128,2016,46,2062,SFO->SLC
4602,1058,144,1202,SFO->SMF
4,0,0,0,SFO->SMX
7910,1454,276,1730,SFO->SNA
1148,204,32,236,SFO->STL
730,186,8,194,SFO->TUS
4,0,0,0,SFO->TWF
2340,416,52,468,SGF->ATL
4,2,2,4,SGF->BNA
494,60,18,78,SGF->CVG
1554,336,32,368,SGF->DEN
6456,1244,254,1498,SGF->DFW
726,122,38,160,SGF->DTW
2,0,0,0,SGF->FSD
2158,338,94,432,SGF->MEM
720,74,38,112,SGF->MSP
4984,1372,292,1664,SGF->ORD
736,150,36,186,SGF->STL
2,0,0,0,SGU->CDC
1442,208,16,224,SGU->LAX
2,0,0,0,SGU->PIH
2,0,0,0,SGU->PSP
5188,290,52,342,SGU->SLC
2,0,0,0,SGU->TWF
3634,686,42,728,SHV->ATL
7158,1140,306,1446,SHV->DFW
720,130,50,180,SHV->DTW
2036,318,30,348,SHV->IAH
2188,310,94,404,SHV->MEM
422,140,14,154,SHV->ORD
1480,254,22,276,SIT->JNU
730,150,12,162,SIT->KTN
454,72,10,82,SIT->SEA
1268,176,4,180,SJC->ATL
1936,252,60,312,SJC->AUS
2,2,0,2,SJC->BFL
512,66,4,70,SJC->BOS
6760,778,114,892,SJC->BUR
7340,1028,84,1112,SJC->DEN
4528,602,98,700,SJC->DFW
400,66,4,70,SJC->EWR
2,0,0,0,SJC->FAT
732,160,2,162,SJC->HNL
490,36,4,40,SJC->IAD
1988,262,20,282,SJC->IAH
962,204,18,222,SJC->JFK
8352,1292,68,1360,SJC->LAS
17878,2416,366,2782,SJC->LAX
1320,200,10,210,SJC->LGB
1318,184,8,192,SJC->MDW
1390,190,2,192,SJC->MSP
5438,642,72,714,SJC->ONT
2696,644,66,710,SJC->ORD
4644,750,82,832,SJC->PDX
8054,910,120,1030,SJC->PHX
2742,434,12,446,SJC->RNO
10508,1474,116,1590,SJC->SAN
2412,346,86,432,SJC->SBA
7086,972,64,1036,SJC->SEA
2,2,0,2,SJC->SFO
2744,222,12,234,SJC->SLC
2,0,0,0,SJC->SMX
10766,1092,116,1208,SJC->SNA
2632,330,44,374,SJT->DFW
3744,512,12,524,SJU->ATL
732,172,2,174,SJU->BDL
2546,578,20,598,SJU->BOS
636,236,2,238,SJU->BWI
86,4,4,8,SJU->CLE
1590,192,16,208,SJU->CLT
1972,320,18,338,SJU->DFW
344,76,4,80,SJU->DTW
3164,694,8,702,SJU->EWR
1528,288,58,346,SJU->FLL
1688,368,4,372,SJU->IAD
1460,224,10,234,SJU->IAH
7116,1968,96,2064,SJU->JFK
288,94,0,94,SJU->LAX
4830,1238,30,1268,SJU->MCO
52,22,0,22,SJU->MEM
5120,1508,136,1644,SJU->MIA
52,8,0,8,SJU->MSP
2230,466,24,490,SJU->ORD
2950,702,22,724,SJU->PHL
2,2,0,2,SJU->PIT
490,76,8,84,SJU->STT
732,238,2,240,SJU->TPA
4586,562,8,570,SLC->ABQ
778,106,12,118,SLC->ACV
956,308,2,310,SLC->ANC
886,198,56,254,SLC->ASE
5732,904,30,934,SLC->ATL
1100,240,2,242,SLC->AUS
742,58,0,58,SLC->BFL
10,4,0,4,SLC->BHM
3906,386,28,414,SLC->BIL
240,20,0,20,SLC->BLI
228,54,2,56,SLC->BNA
6740,1202,12,1214,SLC->BOI
1414,252,6,258,SLC->BOS
1408,126,24,150,SLC->BTM
3348,410,10,420,SLC->BUR
1456,208,0,208,SLC->BWI
4058,556,14,570,SLC->BZN
1332,122,24,146,SLC->CDC
696,84,12,96,SLC->CLE
422,66,0,66,SLC->CLT
580,52,0,52,SLC->CMH
1412,126,20,146,SLC->COD
2146,144,0,144,SLC->COS
2012,116,10,126,SLC->CPR
3240,388,34,422,SLC->CVG
2,0,0,0,SLC->CYS
730,82,2,84,SLC->DCA
18538,3056,96,3152,SLC->DEN
6298,1072,102,1174,SLC->DFW
772,72,20,92,SLC->DRO
6,2,0,2,SLC->DSM
1146,128,6,134,SLC->DTW
3158,318,40,358,SLC->EKO
240,20,0,20,SLC->ELP
1428,188,0,188,SLC->EUG
1624,446,14,460,SLC->EWR
160,48,2,50,SLC->FAI
190,8,0,8,SLC->FAR
1698,198,4,202,SLC->FAT
3484,350,12,362,SLC->FCA
484,84,0,84,SLC->FLL
14,2,0,2,SLC->FSD
586,56,0,56,SLC->GCC
3894,666,28,694,SLC->GEG
2124,192,8,200,SLC->GJT
2100,150,8,158,SLC->GTF
28,18,0,18,SLC->GUC
746,126,18,144,SLC->HDN
2430,230,16,246,SLC->HLN
732,124,6,130,SLC->HNL
1046,160,6,166,SLC->IAD
5396,766,68,834,SLC->IAH
3576,506,50,556,SLC->IDA
2970,548,80,628,SLC->JAC
3568,824,18,842,SLC->JFK
10746,1812,62,1874,SLC->LAS
10356,1754,78,1832,SLC->LAX
2,0,0,0,SLC->LBB
48,14,2,16,SLC->LGA
4998,620,18,638,SLC->LGB
36,8,0,8,SLC->LIT
1304,100,2,102,SLC->LWS
2102,324,2,326,SLC->MCI
1374,180,0,180,SLC->MCO
1994,238,10,248,SLC->MDW
1452,112,8,120,SLC->MFR
10,4,0,4,SLC->MKE
12,4,0,4,SLC->MRY
3690,454,18,472,SLC->MSO
4382,752,16,768,SLC->MSP
656,90,16,106,SLC->MSY
458,100,2,102,SLC->MTJ
6268,868,48,916,SLC->OAK
2,0,0,0,SLC->OGD
522,102,2,104,SLC->OGG
1480,198,4,202,SLC->OKC
1210,126,0,126,SLC->OMA
3322,522,6,528,SLC->ONT
5726,1420,112,1532,SLC->ORD
6578,1146,46,1192,SLC->PDX
1342,254,0,254,SLC->PHL
14336,2002,126,2128,SLC->PHX
3320,340,38,378,SLC->PIH
434,72,2,74,SLC->PIT
3204,422,28,450,SLC->PSC
1802,220,6,226,SLC->PSP
1514,122,12,134,SLC->RAP
1440,160,2,162,SLC->RDM
656,78,2,80,SLC->RDU
698,70,16,86,SLC->RKS
3634,470,22,492,SLC->RNO
5096,762,28,790,SLC->SAN
1174,216,2,218,SLC->SAT
1376,140,2,142,SLC->SBA
570,76,4,80,SLC->SBP
4,2,0,2,SLC->SDF
7542,1472,18,1490,SLC->SEA
7410,2358,46,2404,SLC->SFO
2,0,0,0,SLC->SGF
5188,488,30,518,SLC->SGU
2744,386,8,394,SLC->SJC
968,232,0,232,SLC->SLE
3320,416,10,426,SLC->SMF
4032,554,52,606,SLC->SNA
2772,584,8,592,SLC->STL
5806,572,284,856,SLC->SUN
658,82,2,84,SLC->TPA
1204,110,0,110,SLC->TUL
2970,266,2,268,SLC->TUS
3544,378,64,442,SLC->TWF
528,38,0,38,SLC->WYS
8,2,0,2,SLC->XNA
676,116,4,120,SLC->YKM
880,108,0,108,SLC->YUM
968,44,2,46,SLE->SLC
4,0,0,0,SLE->TWF
932,142,2,144,SMF->ABQ
1232,190,64,254,SMF->ACV
1364,170,6,176,SMF->ATL
458,40,2,42,SMF->BFL
6932,814,114,928,SMF->BUR
152,56,2,58,SMF->CLT
852,88,2,90,SMF->COS
6654,1122,36,1158,SMF->DEN
2694,378,50,428,SMF->DFW
742,70,10,80,SMF->GEG
732,124,0,124,SMF->HNL
732,84,8,92,SMF->IAD
2170,260,14,274,SMF->IAH
684,168,12,180,SMF->JFK
8128,1300,54,1354,SMF->LAS
11434,1634,76,1710,SMF->LAX
1458,148,14,162,SMF->LGB
612,20,0,20,SMF->MCI
1366,208,10,218,SMF->MDW
1620,208,0,208,SMF->MSP
118,2,0,2,SMF->OGG
458,58,2,60,SMF->OKC
7628,1138,72,1210,SMF->ONT
2154,516,26,542,SMF->ORD
4964,792,42,834,SMF->PDX
414,156,8,164,SMF->PHL
8230,980,62,1042,SMF->PHX
2,0,0,0,SMF->RDD
9146,1354,56,1410,SMF->SAN
456,142,2,144,SMF->SAT
2,2,0,2,SMF->SBA
7276,1290,56,1346,SMF->SEA
4600,1150,176,1326,SMF->SFO
3320,300,16,316,SMF->SLC
5006,662,18,680,SMF->SNA
456,134,0,134,SMF->TUL
934,150,2,152,SMF->TUS
3362,316,68,384,SMX->LAX
2926,460,20,480,SNA->ATL
492,114,0,114,SNA->AUS
570,90,18,108,SNA->CVG
6652,1108,78,1186,SNA->DEN
7312,1300,160,1460,SNA->DFW
1908,406,22,428,SNA->EWR
128,12,4,16,SNA->HNL
3652,504,40,544,SNA->IAH
72,6,0,6,SNA->KOA
8260,1130,166,1296,SNA->LAS
66,22,6,28,SNA->LAX
46,4,2,6,SNA->LIH
2072,178,0,178,SNA->MSP
7304,962,68,1030,SNA->OAK
120,10,0,10,SNA->OGG
5108,1188,120,1308,SNA->ORD
2836,402,34,436,SNA->PDX
10954,1276,114,1390,SNA->PHX
120,12,8,20,SNA->RNO
2,2,0,2,SNA->SAN
5724,844,112,956,SNA->SEA
7988,1736,286,2022,SNA->SFO
10802,1444,110,1554,SNA->SJC
4030,392,58,450,SNA->SLC
4996,750,18,768,SNA->SMF
612,58,8,66,SNA->STL
284,70,20,90,SPI->IAD
2166,596,200,796,SPI->ORD
3668,414,154,568,SPS->DFW
6654,1302,82,1384,SRQ->ATL
46,18,0,18,SRQ->BOS
490,62,0,62,SRQ->BWI
236,54,6,60,SRQ->CLE
414,52,16,68,SRQ->CLT
890,176,24,200,SRQ->CVG
24,4,0,4,SRQ->DCA
438,48,0,48,SRQ->DTW
798,198,8,206,SRQ->EWR
140,32,4,36,SRQ->IAH
310,96,0,96,SRQ->IND
1068,286,10,296,SRQ->JFK
148,52,4,56,SRQ->LGA
1130,274,10,284,SRQ->MDW
74,22,0,22,SRQ->STL
4,2,0,2,SRQ->TPA
732,156,4,160,STL->ABQ
7912,1724,134,1858,STL->ATL
190,18,12,30,STL->AUS
732,246,2,248,STL->BHM
516,70,56,126,STL->BNA
1730,328,66,394,STL->BOS
3352,574,12,586,STL->BWI
1832,356,12,368,STL->CLE
2186,404,44,448,STL->CLT
1348,200,4,204,STL->CMH
692,118,14,132,STL->CVG
5436,1128,44,1172,STL->DAL
2592,428,94,522,STL->DCA
4860,826,28,854,STL->DEN
7194,1076,234,1310,STL->DFW
4910,966,40,1006,STL->DTW
3450,1164,256,1420,STL->EWR
944,128,10,138,STL->FLL
2680,510,60,570,STL->HOU
2006,410,38,448,STL->IAH
1590,370,66,436,STL->JFK
3302,626,26,652,STL->LAS
3374,734,48,782,STL->LAX
3206,986,174,1160,STL->LGA
1332,292,8,300,STL->LIT
3570,740,22,762,STL->MCI
4842,656,40,696,STL->MCO
7510,1352,172,1524,STL->MDW
2096,302,32,334,STL->MEM
1462,254,14,268,STL->MIA
642,108,16,124,STL->MKE
3392,484,78,562,STL->MSP
1374,290,4,294,STL->OKC
2086,480,8,488,STL->OMA
8512,2004,544,2548,STL->ORD
1152,228,4,232,STL->PHL
5526,952,50,1002,STL->PHX
714,102,18,120,STL->RDU
834,84,10,94,STL->RSW
732,112,4,116,STL->SAN
492,72,12,84,STL->SAT
1988,388,8,396,STL->SDF
1132,226,6,232,STL->SEA
1148,334,24,358,STL->SFO
732,286,26,312,STL->SGF
2772,628,18,646,STL->SLC
610,104,6,110,STL->SNA
76,20,0,20,STL->SRQ
2176,318,24,342,STL->TPA
1798,456,6,462,STL->TUL
902,174,8,182,STT->ATL
176,34,0,34,STT->BOS
836,96,4,100,STT->CLT
464,114,0,114,STT->EWR
732,248,20,268,STT->JFK
18,8,0,8,STT->LGA
1464,334,20,354,STT->MIA
396,140,2,142,STT->PHL
956,206,4,210,STT->SJU
128,60,2,62,STX->ATL
40,18,0,18,STX->CLT
4,0,0,0,STX->JAX
2,0,0,0,STX->MGM
698,190,6,196,STX->MIA
5740,434,358,792,SUN->SLC
2,0,0,0,SUN->TWF
244,38,22,60,SUX->MSP
3234,872,44,916,SWF->ATL
2,2,0,2,SWF->BDL
2,2,0,2,SWF->BOS
1448,220,34,254,SWF->DTW
952,154,14,168,SWF->FLL
1670,196,10,206,SWF->MCO
720,150,4,154,SWF->PBI
470,78,0,78,SWF->TPA
2838,736,58,794,SYR->ATL
2,0,0,0,SYR->CAK
1372,448,22,470,SYR->CLE
1492,248,16,264,SYR->CLT
1662,286,30,316,SYR->CVG
626,48,4,52,SYR->DCA
356,108,4,112,SYR->DFW
2030,378,28,406,SYR->DTW
2004,734,78,812,SYR->EWR
656,170,2,172,SYR->FLL
1244,324,70,394,SYR->IAD
3650,958,130,1088,SYR->JFK
782,178,0,178,SYR->MCO
4684,1252,170,1422,SYR->ORD
666,98,8,106,SYR->PHL
388,112,82,194,TEX->PHX
4968,1106,60,1166,TLH->ATL
480,134,10,144,TLH->CLT
522,44,6,50,TLH->FLL
964,184,10,194,TLH->IAH
438,52,4,56,TLH->MCO
2188,324,60,384,TLH->MEM
1662,244,64,308,TLH->MIA
602,56,24,80,TLH->TPA
240,50,10,60,TOL->ATL
42,2,0,2,TOL->CVG
2674,508,154,662,TOL->ORD
732,174,0,174,TPA->ABQ
782,174,2,176,TPA->ALB
14626,2618,98,2716,TPA->ATL
734,76,0,76,TPA->AUS
2532,522,24,546,TPA->BDL
2104,282,0,282,TPA->BHM
3390,578,8,586,TPA->BNA
3564,836,60,896,TPA->BOS
1456,222,16,238,TPA->BUF
6804,1222,48,1270,TPA->BWI
718,66,2,68,TPA->CAK
1748,178,22,200,TPA->CLE
5650,602,32,634,TPA->CLT
1946,336,14,350,TPA->CMH
2202,364,36,400,TPA->CVG
408,96,2,98,TPA->DAY
3108,314,30,344,TPA->DCA
3384,688,18,706,TPA->DEN
5608,1194,132,1326,TPA->DFW
2904,428,8,436,TPA->DTW
5674,1892,62,1954,TPA->EWR
6102,1040,22,1062,TPA->FLL
400,48,2,50,TPA->FNT
732,98,6,104,TPA->GPT
2822,566,54,620,TPA->HOU
120,26,2,28,TPA->HPN
3812,676,32,708,TPA->IAD
3924,590,46,636,TPA->IAH
3156,476,8,484,TPA->IND
2186,410,16,426,TPA->ISP
2012,254,2,256,TPA->JAX
6790,1520,130,1650,TPA->JFK
2356,356,14,370,TPA->LAS
1038,186,8,194,TPA->LAX
2930,1020,126,1146,TPA->LGA
1398,262,0,262,TPA->MCI
2,2,0,2,TPA->MCO
4436,668,80,748,TPA->MDW
1720,226,8,234,TPA->MEM
1482,268,2,270,TPA->MHT
3658,738,22,760,TPA->MIA
356,130,2,132,TPA->MKE
2010,330,2,332,TPA->MSP
2176,366,26,392,TPA->MSY
4576,1138,90,1228,TPA->ORD
732,76,0,76,TPA->ORF
2706,530,2,532,TPA->PBI
190,30,2,32,TPA->PHF
6760,1374,62,1436,TPA->PHL
2044,426,8,434,TPA->PHX
2192,264,8,272,TPA->PIT
272,34,2,36,TPA->PNS
1962,312,0,312,TPA->PVD
2134,280,0,280,TPA->RDU
732,124,4,128,TPA->ROC
730,144,0,144,TPA->SAT
976,118,2,120,TPA->SDF
732,44,4,48,TPA->SJU
658,88,2,90,TPA->SLC
2198,442,22,464,TPA->STL
470,52,2,54,TPA->SWF
602,40,20,60,TPA->TLH
3616,634,102,736,TRI->ATL
32,14,0,14,TRI->CLT
498,50,12,62,TRI->CVG
88,22,0,22,TRI->MEM
458,38,0,38,TUL->ABQ
2,2,0,2,TUL->ASE
3960,828,42,870,TUL->ATL
180,14,2,16,TUL->AUS
1766,270,16,286,TUL->CVG
4568,730,24,754,TUL->DAL
3262,548,42,590,TUL->DEN
6520,1132,138,1270,TUL->DFW
1452,242,26,268,TUL->DTW
688,70,14,84,TUL->EWR
4,0,0,0,TUL->GJT
2600,504,42,546,TUL->HOU
4638,638,76,714,TUL->IAH
782,114,0,114,TUL->LAS
146,12,0,12,TUL->LAX
1612,262,2,264,TUL->MCI
18,0,0,0,TUL->MCO
2188,462,66,528,TUL->MEM
1434,230,22,252,TUL->MSP
2,0,0,0,TUL->OKC
2,2,0,2,TUL->OMA
454,88,0,88,TUL->ONT
4076,1018,190,1208,TUL->ORD
2042,250,6,256,TUL->PHX
2,0,0,0,TUL->PIA
456,132,0,132,TUL->SAN
176,12,2,14,TUL->SAT
1198,162,6,168,TUL->SLC
450,70,0,70,TUL->SMF
1780,232,4,236,TUL->STL
2,0,2,2,TUL->XNA
20,2,0,2,TUP->ATL
1436,172,0,172,TUS->ABQ
1334,270,6,276,TUS->ATL
458,100,0,100,TUS->AUS
414,58,0,58,TUS->CLT
4058,480,18,498,TUS->DEN
5352,784,140,924,TUS->DFW
176,14,2,16,TUS->ELP
372,98,0,98,TUS->EWR
302,38,0,38,TUS->GEG
224,16,0,16,TUS->IAD
3338,478,42,520,TUS->IAH
264,50,4,54,TUS->JFK
4484,784,10,794,TUS->LAS
8380,1046,24,1070,TUS->LAX
460,62,0,62,TUS->MCI
1446,90,6,96,TUS->MDW
878,124,2,126,TUS->MSP
612,16,4,20,TUS->OAK
442,52,2,54,TUS->OMA
954,122,6,128,TUS->ONT
1730,442,50,492,TUS->ORD
6948,1110,74,1184,TUS->PHX
2,0,0,0,TUS->PSP
438,48,2,50,TUS->RNO
2824,494,6,500,TUS->SAN
478,62,0,62,TUS->SAT
888,172,2,174,TUS->SEA
730,76,4,80,TUS->SFO
2970,250,8,258,TUS->SLC
930,150,0,150,TUS->SMF
258,36,0,36,TVC->CVG
178,42,2,44,TVC->DEN
2420,348,62,410,TVC->DTW
100,22,8,30,TVC->LGA
2,2,0,2,TVC->MSN
694,88,20,108,TVC->MSP
4872,1216,238,1454,TVC->ORD
2,0,0,0,TWF->BOI
3620,370,78,448,TWF->SLC
4,0,2,2,TWF->SUN
2500,346,112,458,TXK->DFW
3170,382,100,482,TYR->DFW
4862,1148,68,1216,TYS->ATL
6,6,0,6,TYS->AUS
1022,180,10,190,TYS->CLE
1908,288,34,322,TYS->CVG
1022,152,6,158,TYS->DEN
3012,638,60,698,TYS->DFW
2848,374,38,412,TYS->DTW
1302,434,18,452,TYS->EWR
192,42,6,48,TYS->IAD
2688,482,30,512,TYS->IAH
1206,322,80,402,TYS->LGA
2,0,0,0,TYS->MCI
250,36,0,36,TYS->MCO
2920,454,26,480,TYS->MEM
730,102,8,110,TYS->MSP
4038,906,150,1056,TYS->ORD
1876,376,32,408,VLD->ATL
6090,1666,104,1770,VPS->ATL
206,14,6,20,VPS->CVG
3936,620,102,722,VPS->DFW
842,138,14,152,VPS->IAH
4,2,0,2,VPS->LGA
2090,184,18,202,VPS->MEM
472,162,20,182,VPS->ORD
726,126,38,164,WRG->KTN
728,152,24,176,WRG->PSG
528,6,2,8,WYS->SLC
3536,696,50,746,XNA->ATL
2,0,0,0,XNA->BHM
2,2,0,2,XNA->CAK
2,0,0,0,XNA->COS
202,10,0,10,XNA->CVG
418,82,18,100,XNA->DCA
1370,232,14,246,XNA->DEN
5562,1080,208,1288,XNA->DFW
722,98,16,114,XNA->DTW
1090,390,36,426,XNA->EWR
2,2,0,2,XNA->FAR
2870,602,64,666,XNA->IAH
716,204,10,214,XNA->LAX
2,2,0,2,XNA->LEX
1532,482,50,532,XNA->LGA
2088,360,32,392,XNA->MEM
308,74,24,98,XNA->MIA
1352,144,36,180,XNA->MSP
6228,1634,374,2008,XNA->ORD
208,54,8,62,XNA->RDU
2,0,0,0,XNA->RFD
2,2,0,2,XNA->SGF
8,0,0,0,XNA->SLC
726,156,18,174,YAK->CDV
724,150,14,164,YAK->JNU
680,134,6,140,YKM->SLC
2,0,0,0,YUM->GJT
652,62,6,68,YUM->IPL
198,34,8,42,YUM->LAS
2088,214,14,228,YUM->LAX
3922,486,148,634,YUM->PHX
880,78,6,84,YUM->SLC
